alarm_description,Severity,Alarm ID,Alarm Source,Location Info,Other Information,Last Occurred (ST),Acknowledged On (ST),Fiber/Cable Name,Cleared By,Acknowledged By,Clearance Status,Acknowledgement Status,Alarm Serial Number
2,3,12350,3,29,206,2025-05-03 10:00:00,2025-05-03 12:00:00,18,3,0,1,0,27743525
0,2,12306,18,658,185,2025-05-08 12:00:00,2025-05-08 13:00:00,14,1,1,0,1,27677237
2,3,13203,32,881,181,2025-05-17 22:00:00,2025-05-18 03:00:00,14,4,2,1,0,27810318
2,1,327,3,364,216,2025-05-12 14:00:00,2025-05-12 17:00:00,18,0,1,0,1,27945724
0,0,12350,24,1036,160,2025-05-03 15:00:00,2025-05-03 23:00:00,31,0,1,0,0,27488419
2,0,187,33,130,59,2025-05-19 15:00:00,2025-05-19 21:00:00,14,3,1,1,0,27905670
2,2,186,46,935,232,2025-05-18 09:00:00,2025-05-18 12:00:00,0,4,3,1,0,27938948
0,3,63604,44,973,165,2025-05-15 04:00:00,2025-05-15 05:00:00,31,3,3,1,0,27657498
2,2,199,28,945,225,2025-05-03 12:00:00,2025-05-03 17:00:00,18,0,1,0,1,27573640
2,1,12545,32,159,169,2025-05-06 21:00:00,2025-05-06 23:00:00,14,1,3,1,0,27904852
2,0,12350,17,896,202,2025-05-06 23:00:00,2025-05-07 05:00:00,31,4,1,1,1,27861389
0,1,12350,53,847,63,2025-05-18 13:00:00,2025-05-18 18:00:00,18,4,0,1,0,27741912
1,0,1,9,164,169,2025-05-11 23:00:00,2025-05-12 07:00:00,0,4,1,0,1,27673332
2,1,12306,26,1042,225,2025-05-02 12:00:00,2025-05-02 13:00:00,0,0,1,1,1,27874863
2,3,119,30,383,62,2025-05-19 00:00:00,2025-05-19 01:00:00,31,1,3,0,1,27686415
0,2,12544,59,1042,251,2025-05-11 10:00:00,2025-05-11 15:00:00,0,1,3,1,0,27573267
1,2,12306,1,406,207,2025-05-09 17:00:00,2025-05-10 02:00:00,18,4,0,1,1,27636126
2,0,187,10,27,251,2025-05-19 04:00:00,2025-05-19 13:00:00,14,4,3,0,1,27913938
2,3,187,2,233,188,2025-05-03 23:00:00,2025-05-04 04:00:00,14,1,1,1,0,27422486
2,3,12580,28,534,205,2025-05-01 11:00:00,2025-05-01 20:00:00,31,1,1,1,1,27695057
0,0,2,22,52,185,2025-05-16 05:00:00,2025-05-16 08:00:00,18,1,2,0,1,27862607
1,0,63604,40,686,60,2025-05-09 03:00:00,2025-05-09 07:00:00,98,1,0,1,1,27745506
1,0,13142,42,381,66,2025-05-13 13:00:00,2025-05-13 20:00:00,0,0,2,1,0,27894880
1,3,186,64,925,142,2025-05-02 20:00:00,2025-05-02 22:00:00,31,0,0,0,0,27936377
0,3,4,31,1008,258,2025-05-09 18:00:00,2025-05-09 22:00:00,31,3,0,0,1,27630059
0,1,4,17,569,97,2025-05-19 12:00:00,2025-05-19 13:00:00,98,1,3,0,0,27428737
2,0,25,51,164,61,2025-05-06 04:00:00,2025-05-06 07:00:00,98,0,0,1,0,27549608
2,2,4,56,893,160,2025-05-08 13:00:00,2025-05-08 22:00:00,0,4,1,1,0,27609179
2,3,12580,54,1056,181,2025-05-11 22:00:00,2025-05-12 07:00:00,31,1,0,1,0,27818031
1,2,13203,42,887,129,2025-05-05 12:00:00,2025-05-05 20:00:00,0,4,1,0,0,27829801
2,2,13552,28,545,221,2025-05-09 19:00:00,2025-05-10 04:00:00,18,4,3,0,0,27898284
0,1,1,16,925,51,2025-05-16 18:00:00,2025-05-16 23:00:00,0,0,0,1,0,27568881
0,1,12306,24,887,209,2025-05-17 13:00:00,2025-05-17 20:00:00,18,3,3,0,1,27869010
0,1,12580,35,522,208,2025-05-17 00:00:00,2025-05-17 02:00:00,98,3,0,0,1,27894899
2,3,119,30,165,101,2025-05-02 08:00:00,2025-05-02 10:00:00,18,1,1,0,0,27899713
2,0,324,14,56,59,2025-05-17 15:00:00,2025-05-17 22:00:00,31,3,2,1,0,27934161
1,0,2,32,781,142,2025-05-13 22:00:00,2025-05-14 07:00:00,18,1,0,0,1,27732504
0,2,324,3,162,251,2025-05-10 23:00:00,2025-05-11 08:00:00,14,4,2,1,1,27857024
0,0,327,53,631,65,2025-05-09 02:00:00,2025-05-09 07:00:00,0,4,0,1,0,27794568
2,0,236,5,511,142,2025-05-06 14:00:00,2025-05-06 15:00:00,98,4,3,0,1,27710824
1,2,327,34,930,169,2025-05-03 08:00:00,2025-05-03 13:00:00,31,4,2,0,0,27700742
0,0,13142,39,364,202,2025-05-17 05:00:00,2025-05-17 13:00:00,98,0,1,0,0,27819427
1,2,13056,34,712,192,2025-05-10 07:00:00,2025-05-10 16:00:00,14,4,0,1,1,27724842
2,0,327,58,272,101,2025-05-01 14:00:00,2025-05-01 20:00:00,98,1,0,0,0,27611148
1,3,12350,17,149,251,2025-05-04 23:00:00,2025-05-05 01:00:00,0,1,3,0,0,27678724
1,1,12307,51,898,197,2025-05-07 12:00:00,2025-05-07 18:00:00,31,1,2,0,0,27787396
0,3,199,27,1040,230,2025-05-10 09:00:00,2025-05-10 14:00:00,31,4,1,1,0,27568881
1,2,324,31,933,208,2025-05-14 15:00:00,2025-05-14 17:00:00,98,4,0,1,1,27860888
1,2,327,29,339,160,2025-05-14 05:00:00,2025-05-14 07:00:00,18,0,1,0,1,27879064
2,1,13142,60,611,51,2025-05-05 21:00:00,2025-05-06 02:00:00,0,0,3,1,1,27687821
2,0,327,48,685,65,2025-05-16 10:00:00,2025-05-16 19:00:00,31,4,0,1,0,27721683
2,2,1,28,847,143,2025-05-15 18:00:00,2025-05-16 01:00:00,31,0,0,1,0,27935221
1,1,299,28,323,202,2025-05-03 11:00:00,2025-05-03 18:00:00,18,3,3,1,1,27924065
0,0,1,50,315,206,2025-05-18 09:00:00,2025-05-18 11:00:00,0,4,0,1,0,27626988
2,0,4,51,522,142,2025-05-10 13:00:00,2025-05-10 15:00:00,18,3,0,0,0,27834872
2,3,12956,15,379,188,2025-05-15 16:00:00,2025-05-16 00:00:00,14,0,2,0,1,27891596
1,1,119,63,233,216,2025-05-15 08:00:00,2025-05-15 15:00:00,98,0,1,0,0,27754733
1,1,13203,5,895,59,2025-05-10 12:00:00,2025-05-10 21:00:00,0,1,1,0,0,27622565
0,2,13142,18,890,186,2025-05-12 08:00:00,2025-05-12 17:00:00,14,0,2,1,1,27359291
1,1,199,17,11,161,2025-05-08 08:00:00,2025-05-08 16:00:00,98,1,2,1,1,27846545
1,1,13056,4,383,216,2025-05-06 18:00:00,2025-05-06 23:00:00,14,1,2,0,1,27886892
0,2,236,11,29,51,2025-05-03 23:00:00,2025-05-04 05:00:00,31,4,0,1,1,27421833
1,3,1,44,847,97,2025-05-18 10:00:00,2025-05-18 19:00:00,14,0,3,1,1,27745506
1,3,12306,59,981,194,2025-05-06 11:00:00,2025-05-06 15:00:00,14,3,3,1,1,27930459
1,0,4,59,1038,63,2025-05-13 21:00:00,2025-05-14 01:00:00,31,1,0,0,0,27558109
1,0,12580,51,934,185,2025-05-10 23:00:00,2025-05-11 01:00:00,14,3,0,1,1,27724842
0,0,4,20,622,61,2025-05-19 18:00:00,2025-05-20 01:00:00,0,1,2,1,0,27865062
2,1,327,28,1056,143,2025-05-11 10:00:00,2025-05-11 19:00:00,14,1,1,1,1,27749856
2,0,236,63,98,216,2025-05-14 03:00:00,2025-05-14 07:00:00,0,3,3,0,1,27452034
1,0,235,16,900,202,2025-05-04 05:00:00,2025-05-04 10:00:00,31,3,3,1,0,27722389
2,1,186,51,444,167,2025-05-08 21:00:00,2025-05-09 05:00:00,0,0,2,1,0,27908945
1,0,13552,39,687,143,2025-05-18 09:00:00,2025-05-18 17:00:00,98,3,0,0,0,27890823
2,1,119,27,698,103,2025-05-10 11:00:00,2025-05-10 13:00:00,18,0,3,0,0,27710505
1,0,235,57,893,194,2025-05-16 22:00:00,2025-05-17 03:00:00,0,1,0,1,0,27415745
1,0,199,38,901,216,2025-05-12 06:00:00,2025-05-12 12:00:00,14,3,3,0,1,27743525
1,1,1,11,847,208,2025-05-09 22:00:00,2025-05-10 03:00:00,14,0,2,1,0,27691486
1,3,13552,52,1052,186,2025-05-08 22:00:00,2025-05-09 01:00:00,98,4,3,1,1,27812569
0,2,12545,5,385,209,2025-05-01 14:00:00,2025-05-01 22:00:00,0,0,1,0,0,27725137
2,0,12545,40,902,129,2025-05-10 09:00:00,2025-05-10 15:00:00,14,3,2,0,1,27416268
0,0,1,33,611,169,2025-05-03 02:00:00,2025-05-03 04:00:00,0,0,3,0,1,27888272
0,1,236,18,897,162,2025-05-16 07:00:00,2025-05-16 15:00:00,18,1,3,0,1,27936377
0,3,12306,8,991,216,2025-05-16 06:00:00,2025-05-16 08:00:00,0,1,2,1,1,27889790
0,0,12308,58,1038,232,2025-05-12 09:00:00,2025-05-12 14:00:00,18,0,0,0,1,27635469
1,3,199,26,776,103,2025-05-15 16:00:00,2025-05-16 01:00:00,18,4,2,1,0,27939748
1,0,12580,54,1028,258,2025-05-12 03:00:00,2025-05-12 10:00:00,31,4,3,0,0,27903433
1,2,12580,11,889,232,2025-05-19 00:00:00,2025-05-19 04:00:00,98,4,3,0,1,27622347
0,0,1,37,479,115,2025-05-15 11:00:00,2025-05-15 12:00:00,31,4,1,1,0,27897182
2,3,186,61,127,143,2025-05-06 23:00:00,2025-05-07 03:00:00,14,4,1,0,0,27774898
2,1,12545,33,872,230,2025-05-07 03:00:00,2025-05-07 08:00:00,98,4,3,1,0,27739592
0,2,12545,26,81,221,2025-05-11 18:00:00,2025-05-11 20:00:00,0,1,2,1,0,27653912
2,1,12307,63,293,62,2025-05-19 22:00:00,2025-05-19 23:00:00,98,3,0,1,0,27665557
1,1,235,61,67,102,2025-05-15 06:00:00,2025-05-15 09:00:00,98,0,3,1,1,27546847
0,2,186,2,847,160,2025-05-12 12:00:00,2025-05-12 17:00:00,31,1,1,1,1,27701415
2,2,199,16,957,165,2025-05-17 22:00:00,2025-05-17 23:00:00,18,1,0,1,0,27786891
1,2,2,57,562,66,2025-05-18 18:00:00,2025-05-18 21:00:00,14,0,3,0,0,27932017
0,1,2,24,1056,188,2025-05-09 23:00:00,2025-05-10 04:00:00,98,0,2,1,1,27515010
0,0,2,50,721,129,2025-05-10 13:00:00,2025-05-10 19:00:00,14,1,2,0,0,27846545
2,0,12956,19,886,102,2025-05-04 11:00:00,2025-05-04 18:00:00,98,1,0,1,1,27623256
0,3,1,53,593,216,2025-05-11 13:00:00,2025-05-11 18:00:00,14,4,0,0,0,27807821
1,2,187,20,47,186,2025-05-01 19:00:00,2025-05-02 04:00:00,14,0,1,1,0,27805890
1,3,235,61,364,59,2025-05-06 13:00:00,2025-05-06 20:00:00,31,4,1,1,1,27848360
0,1,187,19,1052,51,2025-05-02 20:00:00,2025-05-03 00:00:00,14,0,2,1,1,27835928
0,3,25,58,118,59,2025-05-11 03:00:00,2025-05-11 05:00:00,18,1,3,0,0,27937325
2,0,235,17,30,209,2025-05-06 21:00:00,2025-05-07 00:00:00,98,0,3,1,1,27531245
1,2,13142,30,283,181,2025-05-14 20:00:00,2025-05-14 22:00:00,31,4,2,1,0,27897443
2,2,186,19,125,62,2025-05-13 01:00:00,2025-05-13 04:00:00,98,3,0,0,0,27921332
2,3,4,43,54,197,2025-05-11 15:00:00,2025-05-11 16:00:00,98,0,2,0,1,27636895
2,2,12544,3,545,181,2025-05-02 13:00:00,2025-05-02 21:00:00,31,1,1,1,1,27709230
2,0,2,4,887,59,2025-05-20 00:00:00,2025-05-20 04:00:00,18,4,0,1,0,27860075
2,3,299,18,919,194,2025-05-16 19:00:00,2025-05-16 21:00:00,14,3,1,1,1,27710637
0,3,12956,59,919,197,2025-05-03 16:00:00,2025-05-03 21:00:00,31,0,1,0,1,27856294
2,0,299,33,583,216,2025-05-20 00:00:00,2025-05-20 06:00:00,14,0,3,1,1,27871915
2,3,12580,23,11,66,2025-05-06 14:00:00,2025-05-06 21:00:00,14,1,1,0,1,27795647
2,1,236,62,27,186,2025-05-07 03:00:00,2025-05-07 06:00:00,14,4,0,0,1,27886807
2,2,12306,44,838,232,2025-05-09 08:00:00,2025-05-09 10:00:00,14,3,2,0,0,27385625
2,1,12307,66,909,63,2025-05-03 05:00:00,2025-05-03 12:00:00,18,4,0,1,1,27894880
1,1,324,57,894,129,2025-05-05 09:00:00,2025-05-05 11:00:00,31,1,0,1,0,27690443
1,1,12580,36,242,115,2025-05-05 17:00:00,2025-05-05 19:00:00,14,3,1,1,1,27893041
1,0,12544,27,931,126,2025-05-02 08:00:00,2025-05-02 13:00:00,31,4,3,0,0,27651075
1,2,13142,3,593,203,2025-05-07 20:00:00,2025-05-08 01:00:00,31,4,1,1,0,27818540
1,3,13056,8,444,230,2025-05-15 22:00:00,2025-05-16 04:00:00,0,0,3,1,0,27609550
0,3,12956,28,698,143,2025-05-15 13:00:00,2025-05-15 22:00:00,14,1,1,1,0,27696873
0,0,119,4,903,61,2025-05-03 16:00:00,2025-05-03 22:00:00,18,1,0,0,1,27884619
2,0,13142,4,882,115,2025-05-18 14:00:00,2025-05-18 16:00:00,98,4,1,1,0,27488419
1,3,199,42,611,102,2025-05-19 02:00:00,2025-05-19 11:00:00,98,1,3,1,0,27637081
1,0,199,60,894,66,2025-05-17 23:00:00,2025-05-18 03:00:00,98,0,2,1,1,27418083
2,3,1,33,562,197,2025-05-03 04:00:00,2025-05-03 08:00:00,31,1,0,0,0,27711696
1,0,235,34,444,205,2025-05-03 19:00:00,2025-05-04 04:00:00,0,1,0,1,0,27852344
0,3,12956,17,796,167,2025-05-11 06:00:00,2025-05-11 07:00:00,98,3,3,0,1,27651224
0,1,186,51,889,167,2025-05-09 01:00:00,2025-05-09 10:00:00,98,1,3,0,1,27632413
0,1,12580,36,560,207,2025-05-18 12:00:00,2025-05-18 15:00:00,31,0,1,0,0,27508877
0,2,12307,14,904,207,2025-05-12 06:00:00,2025-05-12 11:00:00,18,0,1,0,1,27622552
0,1,12308,63,165,143,2025-05-16 06:00:00,2025-05-16 15:00:00,0,4,2,0,0,27923062
2,3,12580,20,1052,186,2025-05-19 22:00:00,2025-05-20 04:00:00,98,1,3,0,1,27908573
2,3,4,3,627,65,2025-05-05 11:00:00,2025-05-05 20:00:00,31,1,0,1,1,27705582
0,1,2,19,711,61,2025-05-12 22:00:00,2025-05-13 03:00:00,98,4,3,0,0,27573577
2,1,13552,9,180,181,2025-05-05 02:00:00,2025-05-05 03:00:00,0,1,1,1,1,27708755
2,3,299,25,985,59,2025-05-14 21:00:00,2025-05-15 00:00:00,18,4,2,1,1,27626988
2,2,12307,25,323,197,2025-05-17 23:00:00,2025-05-18 02:00:00,18,0,0,0,1,27888678
0,3,13552,5,845,169,2025-05-03 23:00:00,2025-05-04 07:00:00,0,0,0,0,1,27883490
0,2,1,34,922,51,2025-05-07 07:00:00,2025-05-07 08:00:00,18,0,0,1,1,27636126
1,2,12307,66,657,63,2025-05-10 14:00:00,2025-05-10 20:00:00,14,1,0,1,0,27416268
2,0,327,33,933,198,2025-05-06 19:00:00,2025-05-07 03:00:00,18,0,3,0,0,27678932
0,3,186,52,272,62,2025-05-09 22:00:00,2025-05-10 04:00:00,14,4,2,0,0,27611342
0,3,119,60,850,165,2025-05-18 09:00:00,2025-05-18 11:00:00,18,4,1,0,1,27760812
2,0,12306,38,58,61,2025-05-16 12:00:00,2025-05-16 20:00:00,18,1,0,0,1,27858732
0,3,2,53,628,63,2025-05-07 18:00:00,2025-05-08 03:00:00,0,4,3,1,1,27483421
2,2,1,22,673,160,2025-05-04 10:00:00,2025-05-04 13:00:00,31,1,1,1,1,27940306
1,0,119,8,569,162,2025-05-01 03:00:00,2025-05-01 04:00:00,14,3,1,1,0,27461841
0,2,235,17,188,197,2025-05-10 16:00:00,2025-05-10 21:00:00,14,4,0,1,1,27725109
0,0,12350,33,272,181,2025-05-15 01:00:00,2025-05-15 10:00:00,31,3,1,1,0,27905044
2,0,12544,54,1036,102,2025-05-16 02:00:00,2025-05-16 05:00:00,18,0,2,0,0,27794968
0,1,2,38,928,65,2025-05-19 00:00:00,2025-05-19 01:00:00,98,1,2,1,1,27611148
0,3,12308,48,161,221,2025-05-11 03:00:00,2025-05-11 08:00:00,31,3,1,1,1,27725109
2,0,63604,23,991,145,2025-05-01 23:00:00,2025-05-02 05:00:00,31,4,1,1,1,27932831
2,1,25,31,888,169,2025-05-11 17:00:00,2025-05-11 23:00:00,31,4,0,0,1,27741912
1,0,327,5,897,51,2025-05-19 08:00:00,2025-05-19 15:00:00,0,1,1,1,0,27781639
2,1,119,30,250,103,2025-05-11 13:00:00,2025-05-11 14:00:00,18,3,3,1,0,27768583
2,3,119,28,973,145,2025-05-04 21:00:00,2025-05-05 02:00:00,18,0,1,0,1,27896719
0,2,235,60,922,188,2025-05-10 04:00:00,2025-05-10 11:00:00,18,3,3,0,1,27797883
0,1,12307,58,11,186,2025-05-12 01:00:00,2025-05-12 09:00:00,0,0,2,1,0,27873270
0,0,12544,46,101,165,2025-05-02 08:00:00,2025-05-02 17:00:00,18,4,1,1,0,27813751
1,1,13203,61,576,167,2025-05-15 21:00:00,2025-05-16 04:00:00,18,1,3,0,0,27762698
1,1,12956,4,101,102,2025-05-17 14:00:00,2025-05-17 20:00:00,98,0,1,0,1,27622565
2,2,236,28,971,221,2025-05-06 17:00:00,2025-05-06 19:00:00,18,3,2,1,1,27426834
0,0,324,62,782,60,2025-05-11 21:00:00,2025-05-12 06:00:00,18,1,2,0,1,27622565
1,3,13552,1,881,232,2025-05-13 01:00:00,2025-05-13 09:00:00,18,1,0,1,0,27689366
2,0,299,39,294,61,2025-05-15 06:00:00,2025-05-15 08:00:00,98,1,1,1,1,27775224
0,2,13552,22,294,62,2025-05-04 16:00:00,2025-05-04 23:00:00,98,4,2,1,1,27577744
2,0,12580,52,698,160,2025-05-04 06:00:00,2025-05-04 15:00:00,98,4,0,1,0,27429054
1,1,13552,11,889,143,2025-05-05 03:00:00,2025-05-05 05:00:00,0,1,2,0,1,27741025
2,3,236,51,471,258,2025-05-11 21:00:00,2025-05-11 22:00:00,14,4,0,1,0,27884619
0,1,187,30,862,102,2025-05-05 19:00:00,2025-05-05 23:00:00,31,3,3,1,1,27813904
2,0,235,61,799,188,2025-05-02 19:00:00,2025-05-02 20:00:00,98,3,1,1,1,27920476
2,3,2,55,522,206,2025-05-18 23:00:00,2025-05-19 05:00:00,18,4,3,0,1,27944501
2,0,12544,54,851,126,2025-05-16 03:00:00,2025-05-16 06:00:00,18,1,3,1,0,27782807
0,0,13552,48,899,60,2025-05-18 07:00:00,2025-05-18 09:00:00,98,0,3,0,1,27547494
2,3,4,20,201,198,2025-05-07 13:00:00,2025-05-07 20:00:00,31,3,3,0,1,27411128
1,3,12544,32,471,126,2025-05-10 03:00:00,2025-05-10 08:00:00,31,1,3,0,1,27860860
0,0,12956,37,54,101,2025-05-03 05:00:00,2025-05-03 12:00:00,98,1,0,0,0,27530811
1,3,12580,40,934,161,2025-05-11 23:00:00,2025-05-12 01:00:00,18,1,1,0,0,27908779
0,3,4,30,933,207,2025-05-04 01:00:00,2025-05-04 03:00:00,14,1,2,0,0,27574847
2,2,13552,50,593,229,2025-05-05 07:00:00,2025-05-05 14:00:00,14,3,0,1,0,27907444
1,1,235,30,1018,115,2025-05-07 17:00:00,2025-05-07 23:00:00,0,1,1,0,0,27635277
2,2,4,33,891,229,2025-05-18 08:00:00,2025-05-18 13:00:00,0,0,2,1,0,27890823
2,1,13056,3,981,228,2025-05-03 11:00:00,2025-05-03 16:00:00,0,0,0,0,1,27855019
2,0,12307,2,721,230,2025-05-11 04:00:00,2025-05-11 11:00:00,14,1,1,1,1,27452034
2,0,299,66,332,194,2025-05-02 03:00:00,2025-05-02 09:00:00,98,3,0,1,1,27713206
0,1,299,13,912,198,2025-05-04 03:00:00,2025-05-04 06:00:00,98,1,3,0,1,27925189
1,3,1,20,580,230,2025-05-16 05:00:00,2025-05-16 14:00:00,31,0,1,0,0,27454755
1,2,4,40,545,230,2025-05-15 20:00:00,2025-05-15 23:00:00,14,3,2,0,0,27549608
2,0,4,66,886,203,2025-05-16 17:00:00,2025-05-16 21:00:00,31,4,1,0,1,27618386
1,3,186,15,627,198,2025-05-04 09:00:00,2025-05-04 13:00:00,98,1,3,0,1,27719323
0,3,4,14,704,59,2025-05-19 10:00:00,2025-05-19 18:00:00,18,0,3,0,0,27636126
2,3,13056,27,1008,258,2025-05-02 13:00:00,2025-05-02 17:00:00,98,4,3,0,0,27772681
1,2,299,56,841,221,2025-05-10 22:00:00,2025-05-11 06:00:00,98,4,0,0,0,27942328
2,0,12544,36,126,61,2025-05-08 13:00:00,2025-05-08 20:00:00,0,0,3,0,0,27812750
1,2,324,36,917,115,2025-05-10 22:00:00,2025-05-11 01:00:00,0,1,2,1,1,27690443
0,0,12956,36,781,209,2025-05-09 16:00:00,2025-05-09 17:00:00,14,4,3,0,0,27629779
1,0,13056,49,705,228,2025-05-07 22:00:00,2025-05-08 00:00:00,31,0,3,1,0,27891494
0,1,13142,66,894,143,2025-05-17 15:00:00,2025-05-17 20:00:00,98,0,2,1,1,27749871
0,0,13203,24,795,206,2025-05-14 07:00:00,2025-05-14 15:00:00,98,3,2,0,0,27411109
1,2,119,11,925,115,2025-05-08 20:00:00,2025-05-09 01:00:00,14,1,0,0,0,27651224
0,0,13203,55,686,103,2025-05-10 21:00:00,2025-05-10 22:00:00,0,3,1,1,1,27933953
2,1,199,65,832,225,2025-05-05 03:00:00,2025-05-05 09:00:00,14,1,1,1,0,27582224
2,0,13203,43,323,229,2025-05-07 05:00:00,2025-05-07 11:00:00,18,0,1,0,1,27891933
0,3,2,35,791,167,2025-05-14 11:00:00,2025-05-14 19:00:00,14,0,0,0,1,27720059
2,2,25,22,242,225,2025-05-11 16:00:00,2025-05-12 00:00:00,98,4,3,1,1,27730819
2,3,13552,39,904,97,2025-05-13 03:00:00,2025-05-13 12:00:00,18,0,2,1,1,27807558
1,2,13552,18,1006,185,2025-05-01 00:00:00,2025-05-01 08:00:00,98,0,3,0,0,27678347
1,2,13552,47,81,60,2025-05-01 02:00:00,2025-05-01 04:00:00,18,3,0,0,1,27887645
1,3,12580,22,662,126,2025-05-10 13:00:00,2025-05-10 17:00:00,0,1,0,1,0,27873372
1,2,119,63,973,202,2025-05-02 22:00:00,2025-05-03 03:00:00,14,4,0,1,0,27906818
0,1,186,26,11,192,2025-05-17 20:00:00,2025-05-18 01:00:00,31,1,1,1,1,27696673
1,2,13552,31,545,60,2025-05-11 06:00:00,2025-05-11 08:00:00,0,3,2,0,0,27918599
2,0,12545,22,711,194,2025-05-17 19:00:00,2025-05-17 20:00:00,98,1,3,0,0,27421725
1,1,12580,0,931,165,2025-05-14 05:00:00,2025-05-14 06:00:00,31,0,0,1,0,27823422
1,1,13056,57,126,176,2025-05-06 21:00:00,2025-05-07 01:00:00,14,3,0,1,0,27726392
1,1,327,10,636,62,2025-05-04 02:00:00,2025-05-04 06:00:00,98,3,2,1,0,27742643
1,2,324,66,522,216,2025-05-18 06:00:00,2025-05-18 08:00:00,18,0,3,0,1,27801069
1,1,299,54,965,60,2025-05-03 11:00:00,2025-05-03 13:00:00,14,3,2,0,1,27930620
1,3,13142,48,383,197,2025-05-16 15:00:00,2025-05-16 23:00:00,31,1,3,1,1,27800049
0,1,12308,32,847,103,2025-05-15 18:00:00,2025-05-16 03:00:00,98,0,3,1,1,27755670
1,0,4,41,72,97,2025-05-19 21:00:00,2025-05-19 22:00:00,0,3,3,0,1,27508722
0,0,12544,42,799,101,2025-05-13 16:00:00,2025-05-13 17:00:00,18,3,1,0,1,27638156
2,0,327,64,55,194,2025-05-14 03:00:00,2025-05-14 10:00:00,14,4,1,0,1,27874381
2,2,12544,54,657,59,2025-05-18 10:00:00,2025-05-18 17:00:00,31,3,2,0,1,27693026
2,1,187,57,919,165,2025-05-12 13:00:00,2025-05-12 19:00:00,98,3,1,0,1,27742743
0,1,236,43,1049,51,2025-05-05 01:00:00,2025-05-05 09:00:00,31,3,1,0,0,27812108
1,3,63604,22,11,205,2025-05-07 21:00:00,2025-05-08 06:00:00,0,1,0,0,0,27747001
2,1,12956,40,81,126,2025-05-04 15:00:00,2025-05-04 22:00:00,31,1,3,1,0,27686777
2,1,327,51,965,145,2025-05-15 12:00:00,2025-05-15 17:00:00,31,1,3,1,0,27400058
1,3,1,43,1040,185,2025-05-07 03:00:00,2025-05-07 05:00:00,14,1,1,1,0,27411128
1,0,4,15,965,185,2025-05-13 22:00:00,2025-05-13 23:00:00,18,0,0,0,1,27693026
0,2,327,53,909,115,2025-05-11 19:00:00,2025-05-12 00:00:00,0,3,1,1,0,27696873
1,3,324,51,126,232,2025-05-16 08:00:00,2025-05-16 11:00:00,0,0,3,1,0,27892764
0,3,63604,34,516,181,2025-05-15 13:00:00,2025-05-15 22:00:00,18,4,2,0,0,27928093
2,3,186,23,909,186,2025-05-18 11:00:00,2025-05-18 13:00:00,18,0,1,0,1,27695688
2,3,1,22,900,192,2025-05-13 04:00:00,2025-05-13 11:00:00,98,1,3,0,1,27777070
2,2,12544,29,889,142,2025-05-07 12:00:00,2025-05-07 19:00:00,31,0,0,0,1,27704311
1,1,12306,20,294,228,2025-05-09 21:00:00,2025-05-09 22:00:00,18,3,1,1,0,27806957
2,0,327,49,933,162,2025-05-14 02:00:00,2025-05-14 05:00:00,0,1,2,1,1,27506780
2,2,12350,29,79,145,2025-05-08 04:00:00,2025-05-08 09:00:00,31,1,3,0,1,27858858
0,1,1,22,500,97,2025-05-12 15:00:00,2025-05-12 23:00:00,14,3,2,0,0,27777457
2,0,12350,61,621,206,2025-05-04 03:00:00,2025-05-04 05:00:00,31,0,0,0,1,27752291
0,0,12956,56,49,208,2025-05-15 16:00:00,2025-05-15 21:00:00,98,0,2,0,0,27709230
1,1,12308,16,293,62,2025-05-16 00:00:00,2025-05-16 07:00:00,14,3,0,0,1,27878430
2,1,63604,29,673,228,2025-05-08 10:00:00,2025-05-08 14:00:00,14,3,2,1,0,27918132
0,0,199,41,623,61,2025-05-09 20:00:00,2025-05-10 05:00:00,0,0,0,1,1,27886728
2,0,12956,44,662,142,2025-05-11 19:00:00,2025-05-12 03:00:00,0,1,2,0,1,27492030
2,0,4,8,149,216,2025-05-01 01:00:00,2025-05-01 02:00:00,31,1,2,0,1,27686547
0,0,235,23,149,186,2025-05-19 10:00:00,2025-05-19 19:00:00,18,3,3,1,1,27552836
1,2,186,43,159,97,2025-05-11 09:00:00,2025-05-11 10:00:00,98,1,1,0,0,27492050
1,1,12308,52,891,229,2025-05-14 15:00:00,2025-05-14 22:00:00,31,4,3,1,1,27632664
1,0,4,13,1058,61,2025-05-13 11:00:00,2025-05-13 16:00:00,31,4,1,1,0,27681117
1,0,12306,32,888,207,2025-05-03 11:00:00,2025-05-03 13:00:00,0,0,2,1,1,27546265
2,3,12308,3,665,202,2025-05-18 20:00:00,2025-05-19 02:00:00,98,3,1,0,0,27945347
1,2,25,3,55,97,2025-05-11 00:00:00,2025-05-11 06:00:00,18,3,1,1,1,27837393
2,1,25,10,907,197,2025-05-05 18:00:00,2025-05-05 20:00:00,0,4,3,1,1,27848693
0,0,12580,8,971,198,2025-05-12 14:00:00,2025-05-12 17:00:00,14,4,2,0,1,27720259
0,3,186,52,1036,162,2025-05-05 10:00:00,2025-05-05 17:00:00,98,0,1,0,1,27894493
1,2,13056,20,592,169,2025-05-17 12:00:00,2025-05-17 20:00:00,18,4,3,1,0,27823499
2,0,13552,16,130,209,2025-05-08 01:00:00,2025-05-08 05:00:00,31,4,2,0,0,27626988
0,0,235,14,1046,51,2025-05-07 23:00:00,2025-05-08 04:00:00,18,1,2,0,0,27883475
1,2,327,41,832,103,2025-05-19 04:00:00,2025-05-19 10:00:00,31,1,3,1,0,27852120
1,0,63604,0,685,225,2025-05-15 20:00:00,2025-05-16 00:00:00,98,4,3,1,1,27894493
2,2,12545,8,58,186,2025-05-18 02:00:00,2025-05-18 03:00:00,0,4,3,0,1,27861615
0,2,13142,56,562,161,2025-05-08 19:00:00,2025-05-08 20:00:00,18,1,1,1,0,27758471
0,3,13142,58,332,161,2025-05-10 19:00:00,2025-05-10 20:00:00,18,3,0,1,1,27783302
2,2,12580,9,965,162,2025-05-02 23:00:00,2025-05-03 00:00:00,18,3,3,0,1,27741025
0,3,12545,35,981,161,2025-05-07 11:00:00,2025-05-07 18:00:00,0,0,0,1,1,27913442
2,3,13552,40,379,61,2025-05-09 08:00:00,2025-05-09 13:00:00,14,4,2,1,0,27762750
2,1,12580,56,1039,169,2025-05-03 04:00:00,2025-05-03 07:00:00,98,0,0,1,0,27912166
2,3,4,30,840,101,2025-05-06 02:00:00,2025-05-06 06:00:00,98,1,3,1,0,27366444
1,2,236,38,55,197,2025-05-05 11:00:00,2025-05-05 19:00:00,14,0,2,1,1,27783302
2,1,2,18,909,198,2025-05-07 08:00:00,2025-05-07 16:00:00,18,3,3,0,1,27787336
0,2,12580,57,63,221,2025-05-19 18:00:00,2025-05-20 01:00:00,98,0,0,0,0,27710000
2,2,12545,1,383,230,2025-05-14 18:00:00,2025-05-14 19:00:00,18,3,2,0,0,27828309
0,1,25,1,925,51,2025-05-15 01:00:00,2025-05-15 08:00:00,0,3,3,0,0,27927594
1,2,4,26,511,228,2025-05-08 03:00:00,2025-05-08 12:00:00,0,1,0,1,0,27853681
2,1,63604,31,889,101,2025-05-17 19:00:00,2025-05-18 02:00:00,31,0,1,0,1,27781677
2,0,13056,26,885,203,2025-05-10 13:00:00,2025-05-10 18:00:00,14,4,3,0,1,27530672
0,2,299,58,862,62,2025-05-04 13:00:00,2025-05-04 15:00:00,31,0,1,0,0,27862250
2,1,12306,28,886,181,2025-05-09 15:00:00,2025-05-09 18:00:00,98,4,0,1,1,27779267
1,1,187,40,877,181,2025-05-04 00:00:00,2025-05-04 02:00:00,98,0,3,1,0,27518800
2,3,235,5,887,60,2025-05-12 22:00:00,2025-05-13 01:00:00,14,3,2,1,0,27675799
1,2,12350,51,909,169,2025-05-10 07:00:00,2025-05-10 12:00:00,18,0,1,0,1,27843284
1,2,12544,36,699,103,2025-05-08 18:00:00,2025-05-09 00:00:00,18,4,2,1,0,27777734
1,3,2,44,989,60,2025-05-01 17:00:00,2025-05-01 23:00:00,31,3,1,0,0,27883145
0,3,119,4,382,221,2025-05-06 17:00:00,2025-05-06 23:00:00,98,3,3,1,0,27418293
2,1,4,26,65,115,2025-05-05 12:00:00,2025-05-05 17:00:00,31,3,1,0,0,27886458
0,3,12544,55,901,66,2025-05-12 07:00:00,2025-05-12 09:00:00,31,3,1,0,0,27705903
0,3,13142,59,21,206,2025-05-08 18:00:00,2025-05-08 19:00:00,31,0,1,0,1,27591652
2,3,13056,11,162,251,2025-05-02 19:00:00,2025-05-03 00:00:00,0,3,2,1,0,27781639
0,3,63604,60,729,208,2025-05-16 08:00:00,2025-05-16 14:00:00,98,0,1,0,1,27881408
1,3,12306,48,479,65,2025-05-02 06:00:00,2025-05-02 09:00:00,18,1,2,0,0,27676171
2,1,299,37,705,216,2025-05-19 05:00:00,2025-05-19 06:00:00,14,3,3,0,1,27473030
2,1,12308,4,165,51,2025-05-08 16:00:00,2025-05-09 01:00:00,14,0,3,0,1,27755017
2,1,119,39,995,205,2025-05-18 14:00:00,2025-05-18 22:00:00,18,4,2,1,1,27515192
2,0,13142,2,847,221,2025-05-16 15:00:00,2025-05-16 17:00:00,98,4,1,0,0,27415562
1,2,199,32,63,258,2025-05-01 18:00:00,2025-05-01 23:00:00,0,1,3,1,0,27732504
1,1,25,56,1044,198,2025-05-03 22:00:00,2025-05-04 02:00:00,0,1,3,0,1,27415330
2,2,119,24,662,192,2025-05-15 02:00:00,2025-05-15 08:00:00,98,4,3,1,1,27403883
1,1,2,0,1031,197,2025-05-16 11:00:00,2025-05-16 14:00:00,0,4,1,0,0,27930268
2,0,12350,8,705,162,2025-05-12 05:00:00,2025-05-12 11:00:00,31,0,3,0,0,27837575
0,3,327,24,945,63,2025-05-11 08:00:00,2025-05-11 13:00:00,98,3,3,0,1,27929894
1,2,13056,30,164,66,2025-05-06 23:00:00,2025-05-07 07:00:00,31,3,1,0,1,27710637
2,3,12308,53,29,192,2025-05-04 19:00:00,2025-05-04 20:00:00,14,0,1,1,1,27759836
0,0,13056,37,159,101,2025-05-07 17:00:00,2025-05-08 02:00:00,0,4,2,1,0,27577905
1,2,4,24,164,59,2025-05-02 16:00:00,2025-05-02 18:00:00,31,3,1,1,0,27426887
1,3,12307,58,500,126,2025-05-18 22:00:00,2025-05-19 04:00:00,98,0,2,0,1,27717125
0,3,12544,31,965,229,2025-05-07 14:00:00,2025-05-07 18:00:00,0,0,1,0,0,27815309
0,2,327,50,500,203,2025-05-15 02:00:00,2025-05-15 07:00:00,18,4,2,1,0,27710014
1,2,13056,34,892,142,2025-05-10 05:00:00,2025-05-10 06:00:00,31,4,3,0,1,27573565
1,2,12545,10,1054,203,2025-05-08 23:00:00,2025-05-09 03:00:00,31,3,1,1,1,27578192
0,1,12307,59,912,176,2025-05-12 13:00:00,2025-05-12 15:00:00,31,1,1,0,1,27721714
1,0,12306,15,1006,209,2025-05-11 16:00:00,2025-05-11 23:00:00,18,0,2,0,0,27741385
1,0,199,44,233,232,2025-05-08 09:00:00,2025-05-08 10:00:00,98,3,0,1,0,27898284
1,3,12580,61,272,161,2025-05-06 00:00:00,2025-05-06 04:00:00,14,1,2,0,0,27834872
2,1,12307,54,705,102,2025-05-08 02:00:00,2025-05-08 08:00:00,14,0,0,1,0,27888678
0,1,236,29,283,207,2025-05-05 06:00:00,2025-05-05 10:00:00,18,1,2,1,1,27882875
1,1,324,25,522,66,2025-05-12 19:00:00,2025-05-13 02:00:00,18,0,0,1,1,27423265
1,0,13203,43,471,202,2025-05-04 21:00:00,2025-05-05 01:00:00,0,0,3,1,1,27913442
0,2,12350,35,1039,202,2025-05-04 14:00:00,2025-05-04 22:00:00,18,3,3,1,1,27692378
0,0,299,62,925,216,2025-05-05 08:00:00,2025-05-05 13:00:00,98,4,1,1,1,27675799
1,2,186,66,1059,209,2025-05-17 08:00:00,2025-05-17 09:00:00,0,3,1,0,0,27720443
0,2,2,22,909,185,2025-05-12 07:00:00,2025-05-12 11:00:00,0,1,0,0,0,27816326
1,1,63604,35,910,102,2025-05-13 21:00:00,2025-05-13 22:00:00,98,0,1,1,0,27700506
2,1,13142,66,1016,221,2025-05-05 09:00:00,2025-05-05 16:00:00,31,0,3,1,1,27853245
0,1,4,54,27,65,2025-05-07 14:00:00,2025-05-07 20:00:00,98,0,0,0,0,27741127
0,0,2,39,293,229,2025-05-01 11:00:00,2025-05-01 12:00:00,18,0,0,0,0,27651279
1,0,12580,24,52,206,2025-05-09 02:00:00,2025-05-09 09:00:00,14,0,1,1,1,27713206
1,1,236,10,125,203,2025-05-04 17:00:00,2025-05-05 00:00:00,98,4,2,0,0,27722045
2,1,12544,66,1018,232,2025-05-12 14:00:00,2025-05-12 21:00:00,31,0,2,1,0,27488419
1,1,235,24,118,209,2025-05-01 16:00:00,2025-05-01 20:00:00,14,1,3,1,1,27787712
0,3,12308,52,919,229,2025-05-19 00:00:00,2025-05-19 07:00:00,98,1,3,1,0,27678347
1,3,13203,54,56,60,2025-05-19 17:00:00,2025-05-19 19:00:00,31,3,1,0,1,27897182
1,2,187,13,1006,176,2025-05-19 09:00:00,2025-05-19 10:00:00,98,4,0,1,1,27929541
1,2,13203,60,953,103,2025-05-19 20:00:00,2025-05-20 05:00:00,0,4,1,0,1,27818031
2,1,63604,31,851,165,2025-05-02 11:00:00,2025-05-02 15:00:00,98,4,2,1,1,27851164
0,2,12956,42,871,61,2025-05-17 10:00:00,2025-05-17 17:00:00,31,0,2,1,1,27841070
2,0,12350,30,180,59,2025-05-03 06:00:00,2025-05-03 09:00:00,0,1,1,0,1,27897182
0,3,12956,33,554,194,2025-05-19 05:00:00,2025-05-19 06:00:00,18,3,3,0,1,27735430
2,0,1,52,783,115,2025-05-14 03:00:00,2025-05-14 12:00:00,14,0,3,0,0,27422486
0,1,12545,2,850,97,2025-05-19 15:00:00,2025-05-20 00:00:00,18,1,1,0,1,27837393
1,0,63604,11,149,165,2025-05-07 19:00:00,2025-05-08 01:00:00,18,3,0,1,1,27618396
2,1,2,62,989,167,2025-05-01 06:00:00,2025-05-01 08:00:00,31,0,3,1,0,27854327
1,0,12307,35,382,51,2025-05-14 23:00:00,2025-05-15 06:00:00,18,1,1,0,1,27927782
2,1,25,55,560,62,2025-05-08 02:00:00,2025-05-08 04:00:00,18,3,1,0,1,27681804
2,3,12306,16,324,143,2025-05-11 06:00:00,2025-05-11 12:00:00,14,3,3,0,1,27891596
0,2,13552,23,1052,129,2025-05-18 03:00:00,2025-05-18 12:00:00,31,1,3,1,0,27799922
2,0,327,5,886,197,2025-05-01 23:00:00,2025-05-02 08:00:00,31,1,1,0,0,27418083
0,3,299,38,52,208,2025-05-04 08:00:00,2025-05-04 13:00:00,14,0,2,0,1,27416863
1,1,13056,66,1048,188,2025-05-11 12:00:00,2025-05-11 19:00:00,98,1,3,0,0,27910043
1,1,236,57,916,209,2025-05-05 22:00:00,2025-05-06 05:00:00,14,0,1,0,1,27821942
1,0,13552,57,832,194,2025-05-16 02:00:00,2025-05-16 04:00:00,18,4,3,1,1,27480413
2,3,2,58,912,209,2025-05-14 07:00:00,2025-05-14 11:00:00,0,0,2,1,1,27842209
0,1,2,28,81,230,2025-05-18 13:00:00,2025-05-18 15:00:00,0,1,1,0,1,27749856
1,0,13142,20,707,202,2025-05-17 04:00:00,2025-05-17 05:00:00,98,4,2,0,0,27729437
0,2,235,50,871,228,2025-05-19 07:00:00,2025-05-19 14:00:00,31,4,1,1,0,27867394
0,1,186,41,1036,206,2025-05-09 21:00:00,2025-05-10 06:00:00,98,0,2,0,0,27814456
2,3,199,27,1036,62,2025-05-07 02:00:00,2025-05-07 07:00:00,18,0,3,1,0,27677826
0,1,13203,52,339,51,2025-05-09 06:00:00,2025-05-09 10:00:00,98,0,2,0,1,27756284
1,2,4,43,791,129,2025-05-06 14:00:00,2025-05-06 19:00:00,98,1,0,0,1,27720059
1,0,13203,13,576,61,2025-05-14 08:00:00,2025-05-14 16:00:00,0,1,2,1,1,27924765
2,1,12544,32,894,63,2025-05-10 09:00:00,2025-05-10 17:00:00,18,4,1,1,1,27415621
1,0,12350,28,707,51,2025-05-16 20:00:00,2025-05-16 22:00:00,98,3,2,1,1,27772066
1,3,324,14,904,192,2025-05-13 13:00:00,2025-05-13 21:00:00,0,1,2,0,1,27578192
2,2,235,62,283,185,2025-05-18 02:00:00,2025-05-18 07:00:00,31,4,2,1,1,27566105
2,1,13203,26,554,143,2025-05-17 15:00:00,2025-05-17 22:00:00,0,3,0,0,1,27741075
1,3,235,37,928,162,2025-05-19 10:00:00,2025-05-19 19:00:00,14,3,3,1,0,27891403
0,2,63604,19,1044,161,2025-05-18 17:00:00,2025-05-19 01:00:00,98,0,1,0,0,27890885
1,1,13142,43,799,126,2025-05-15 12:00:00,2025-05-15 21:00:00,14,1,0,1,0,27452034
2,2,12580,14,1036,229,2025-05-08 08:00:00,2025-05-08 09:00:00,0,3,3,1,0,27578031
2,1,1,10,315,232,2025-05-13 19:00:00,2025-05-14 01:00:00,31,0,3,0,1,27874890
2,2,186,16,929,51,2025-05-18 00:00:00,2025-05-18 05:00:00,0,4,2,1,0,27786891
0,3,327,39,1049,66,2025-05-02 00:00:00,2025-05-02 07:00:00,0,3,1,0,0,27430709
1,3,299,1,627,97,2025-05-01 09:00:00,2025-05-01 10:00:00,31,4,1,1,0,27418083
2,1,2,30,511,216,2025-05-06 07:00:00,2025-05-06 12:00:00,14,3,0,1,1,27707116
0,0,12580,51,673,62,2025-05-12 04:00:00,2025-05-12 05:00:00,14,3,1,1,1,27865062
2,2,235,63,831,126,2025-05-12 15:00:00,2025-05-12 18:00:00,31,3,2,1,1,27889790
0,1,13142,65,1054,181,2025-05-08 02:00:00,2025-05-08 05:00:00,0,1,2,1,0,27885412
2,1,236,49,27,167,2025-05-13 19:00:00,2025-05-14 01:00:00,0,1,2,1,1,27760557
0,1,186,47,382,209,2025-05-06 11:00:00,2025-05-06 14:00:00,98,1,0,1,1,27891596
2,2,4,62,562,186,2025-05-08 08:00:00,2025-05-08 10:00:00,0,3,1,0,0,27906639
2,3,327,20,851,216,2025-05-10 23:00:00,2025-05-11 05:00:00,0,1,1,1,1,27675429
1,1,4,56,887,62,2025-05-14 06:00:00,2025-05-14 07:00:00,98,3,3,1,1,27849369
1,1,12350,29,935,145,2025-05-06 15:00:00,2025-05-06 18:00:00,98,0,0,1,1,27656179
0,0,187,42,1053,188,2025-05-19 05:00:00,2025-05-19 13:00:00,98,3,0,0,1,27914822
1,3,25,25,887,194,2025-05-08 06:00:00,2025-05-08 10:00:00,0,3,1,1,1,27926955
2,3,12306,55,379,169,2025-05-09 07:00:00,2025-05-09 15:00:00,31,1,2,0,0,27809336
0,0,12545,58,1056,258,2025-05-11 15:00:00,2025-05-11 18:00:00,18,3,3,0,0,27686415
0,0,13552,22,69,115,2025-05-19 03:00:00,2025-05-19 08:00:00,31,1,0,0,1,27433457
2,0,199,59,29,63,2025-05-06 07:00:00,2025-05-06 16:00:00,98,1,2,1,0,27792421
1,0,13552,52,180,145,2025-05-07 23:00:00,2025-05-08 03:00:00,98,4,1,0,0,27768279
2,3,235,34,985,202,2025-05-12 13:00:00,2025-05-12 17:00:00,31,4,0,1,0,27590152
0,0,12545,48,63,202,2025-05-12 05:00:00,2025-05-12 08:00:00,98,1,1,1,0,27772681
0,2,12545,4,929,160,2025-05-05 01:00:00,2025-05-05 02:00:00,0,1,2,1,1,27448559
2,2,13203,20,969,221,2025-05-08 20:00:00,2025-05-09 05:00:00,31,0,2,1,1,27716705
2,0,324,29,1031,169,2025-05-08 09:00:00,2025-05-08 13:00:00,18,4,1,0,0,27862178
1,3,1,58,1016,207,2025-05-01 21:00:00,2025-05-02 04:00:00,0,4,2,1,0,27488419
2,0,235,9,1052,198,2025-05-16 10:00:00,2025-05-16 16:00:00,31,4,1,1,0,27722389
0,2,13056,38,479,202,2025-05-11 13:00:00,2025-05-11 14:00:00,14,3,2,0,0,27821935
1,0,12544,46,904,63,2025-05-12 21:00:00,2025-05-13 05:00:00,14,3,0,0,0,27618386
2,2,13056,64,406,209,2025-05-05 15:00:00,2025-05-05 16:00:00,18,3,0,0,0,27939748
0,3,12308,1,953,162,2025-05-08 06:00:00,2025-05-08 12:00:00,18,3,2,1,0,27384012
0,0,13056,19,711,66,2025-05-19 05:00:00,2025-05-19 11:00:00,14,0,2,1,1,27811222
0,2,235,61,698,194,2025-05-18 10:00:00,2025-05-18 11:00:00,18,3,0,1,1,27749502
1,1,236,42,164,221,2025-05-16 01:00:00,2025-05-16 03:00:00,31,0,2,0,0,27577827
2,3,235,66,665,202,2025-05-18 16:00:00,2025-05-18 17:00:00,0,4,0,1,1,27686777
1,3,186,48,125,59,2025-05-11 16:00:00,2025-05-12 00:00:00,31,0,3,0,1,27651224
2,3,12956,60,69,198,2025-05-04 18:00:00,2025-05-04 21:00:00,0,4,1,0,1,27908945
1,3,12307,26,953,60,2025-05-12 13:00:00,2025-05-12 21:00:00,14,3,2,0,1,27424681
1,3,12956,35,306,206,2025-05-09 22:00:00,2025-05-10 01:00:00,18,1,3,1,1,27573565
1,1,13056,9,945,209,2025-05-05 04:00:00,2025-05-05 07:00:00,98,1,0,1,1,27426603
0,1,186,24,293,203,2025-05-16 13:00:00,2025-05-16 15:00:00,31,1,1,1,1,27568881
1,0,1,32,473,61,2025-05-05 02:00:00,2025-05-05 08:00:00,18,1,3,0,1,27470141
0,2,12545,51,1045,258,2025-05-07 18:00:00,2025-05-07 21:00:00,14,0,0,1,1,27826763
2,3,2,20,381,185,2025-05-07 01:00:00,2025-05-07 08:00:00,18,3,0,0,1,27720351
2,0,25,15,67,63,2025-05-13 18:00:00,2025-05-13 20:00:00,0,4,2,1,1,27843518
1,0,13056,40,721,142,2025-05-10 16:00:00,2025-05-10 22:00:00,0,0,3,1,1,27819427
1,0,187,57,234,61,2025-05-01 11:00:00,2025-05-01 19:00:00,31,4,0,0,1,27943620
0,0,25,43,266,162,2025-05-18 21:00:00,2025-05-19 01:00:00,98,0,2,1,0,27778109
0,2,2,35,767,162,2025-05-05 05:00:00,2025-05-05 11:00:00,0,0,2,1,1,27886728
0,2,12580,13,989,194,2025-05-08 20:00:00,2025-05-09 04:00:00,31,3,1,1,0,27945524
0,0,299,30,281,228,2025-05-09 07:00:00,2025-05-09 12:00:00,14,1,3,0,0,27812569
0,0,324,51,583,197,2025-05-19 04:00:00,2025-05-19 12:00:00,98,1,2,1,0,27655755
2,3,12545,52,1028,216,2025-05-18 22:00:00,2025-05-19 04:00:00,98,4,0,1,0,27841070
1,1,12350,52,922,188,2025-05-18 18:00:00,2025-05-19 00:00:00,14,3,1,1,0,27749841
2,3,327,26,917,258,2025-05-07 08:00:00,2025-05-07 10:00:00,14,4,3,1,0,27758383
0,0,13142,9,583,101,2025-05-02 11:00:00,2025-05-02 14:00:00,18,4,2,1,0,27651224
2,0,13203,24,627,97,2025-05-10 11:00:00,2025-05-10 19:00:00,98,4,1,0,1,27399283
0,2,235,19,935,185,2025-05-11 04:00:00,2025-05-11 06:00:00,0,3,1,1,0,27928093
1,1,13552,44,1045,197,2025-05-08 21:00:00,2025-05-09 00:00:00,18,4,2,1,1,27913282
0,0,13203,27,781,225,2025-05-07 20:00:00,2025-05-08 04:00:00,18,3,0,1,1,27854096
2,2,324,14,562,198,2025-05-01 00:00:00,2025-05-01 08:00:00,14,0,3,0,0,27903433
1,0,4,18,81,232,2025-05-01 04:00:00,2025-05-01 10:00:00,0,0,0,1,1,27766322
2,0,12350,27,473,142,2025-05-19 08:00:00,2025-05-19 15:00:00,14,1,2,0,1,27883145
1,0,236,37,628,145,2025-05-07 09:00:00,2025-05-07 13:00:00,31,4,2,1,1,27452034
0,2,25,19,522,216,2025-05-12 07:00:00,2025-05-12 15:00:00,31,0,3,0,1,27748484
1,0,327,66,1054,225,2025-05-05 09:00:00,2025-05-05 10:00:00,14,0,2,0,0,27636126
1,2,13203,65,686,192,2025-05-03 20:00:00,2025-05-04 01:00:00,14,1,1,1,1,27890704
2,0,63604,25,904,194,2025-05-10 07:00:00,2025-05-10 15:00:00,31,1,1,0,0,27829226
0,0,63604,5,925,102,2025-05-13 10:00:00,2025-05-13 16:00:00,14,3,1,1,0,27767725
0,2,12308,1,1048,97,2025-05-05 09:00:00,2025-05-05 15:00:00,98,3,3,0,0,27918132
2,3,25,10,841,229,2025-05-01 19:00:00,2025-05-02 04:00:00,14,0,0,0,0,27741937
1,1,327,42,149,207,2025-05-02 18:00:00,2025-05-03 00:00:00,98,1,3,0,0,27529304
1,3,327,5,55,203,2025-05-09 13:00:00,2025-05-09 20:00:00,14,1,3,1,0,27852120
0,0,13056,43,592,230,2025-05-04 10:00:00,2025-05-04 18:00:00,18,4,0,1,1,27728741
2,1,12580,11,611,206,2025-05-05 19:00:00,2025-05-05 20:00:00,31,0,1,1,1,27429054
2,1,25,41,52,169,2025-05-16 08:00:00,2025-05-16 12:00:00,18,3,2,0,0,27626988
1,1,119,35,29,258,2025-05-15 08:00:00,2025-05-15 12:00:00,14,1,2,1,0,27542471
2,2,12545,18,895,202,2025-05-10 05:00:00,2025-05-10 12:00:00,14,1,1,0,0,27780269
1,1,12580,10,918,186,2025-05-08 12:00:00,2025-05-08 16:00:00,0,0,2,0,1,27873372
1,0,236,26,971,207,2025-05-06 01:00:00,2025-05-06 08:00:00,31,4,0,0,1,27777148
2,1,12544,50,904,126,2025-05-04 17:00:00,2025-05-04 23:00:00,14,1,2,1,0,27923062
1,1,324,10,798,160,2025-05-11 09:00:00,2025-05-11 13:00:00,0,3,2,1,1,27638159
1,1,324,62,188,103,2025-05-16 03:00:00,2025-05-16 11:00:00,18,3,3,1,1,27657498
1,1,199,0,985,188,2025-05-17 08:00:00,2025-05-17 15:00:00,18,0,3,1,1,27530768
1,0,13142,54,933,208,2025-05-03 06:00:00,2025-05-03 09:00:00,18,3,1,0,0,27675429
2,2,13056,36,127,60,2025-05-17 04:00:00,2025-05-17 09:00:00,0,1,2,1,1,27858096
2,3,25,20,686,61,2025-05-01 09:00:00,2025-05-01 18:00:00,14,0,2,1,1,27779267
0,3,13552,3,897,198,2025-05-01 15:00:00,2025-05-01 23:00:00,14,0,0,1,1,27856284
1,0,12545,62,935,205,2025-05-09 02:00:00,2025-05-09 07:00:00,98,3,0,1,0,27850738
2,3,12544,51,918,62,2025-05-01 17:00:00,2025-05-01 19:00:00,98,3,1,0,0,27582224
0,2,13142,8,991,192,2025-05-13 04:00:00,2025-05-13 11:00:00,98,3,2,1,1,27826763
0,1,13552,26,945,208,2025-05-04 03:00:00,2025-05-04 11:00:00,98,4,1,1,1,27604081
0,2,12580,16,627,129,2025-05-08 07:00:00,2025-05-08 14:00:00,31,4,1,1,1,27657503
2,2,299,30,1006,167,2025-05-06 00:00:00,2025-05-06 03:00:00,14,0,2,0,1,27622347
0,1,199,17,159,66,2025-05-16 21:00:00,2025-05-16 23:00:00,98,4,0,1,0,27653484
2,0,12308,29,845,188,2025-05-16 16:00:00,2025-05-16 21:00:00,14,0,3,1,0,27874053
1,1,12308,57,832,160,2025-05-08 01:00:00,2025-05-08 05:00:00,31,0,3,0,1,27618396
2,2,299,64,912,66,2025-05-06 16:00:00,2025-05-06 20:00:00,31,4,2,0,1,27829226
2,3,324,26,283,207,2025-05-07 03:00:00,2025-05-07 05:00:00,31,1,3,0,0,27802735
0,2,12308,17,79,198,2025-05-14 23:00:00,2025-05-15 04:00:00,18,1,0,0,1,27426887
0,0,186,3,1038,230,2025-05-09 19:00:00,2025-05-10 01:00:00,98,4,3,0,0,27842209
1,0,235,55,306,161,2025-05-19 00:00:00,2025-05-19 02:00:00,18,4,1,0,1,27578192
1,0,13203,39,576,161,2025-05-19 02:00:00,2025-05-19 06:00:00,14,4,1,1,1,27418341
1,1,4,46,29,102,2025-05-13 11:00:00,2025-05-13 20:00:00,0,4,1,0,0,27853681
0,0,12545,25,712,209,2025-05-05 03:00:00,2025-05-05 08:00:00,0,3,1,0,1,27803886
1,3,187,25,281,97,2025-05-13 19:00:00,2025-05-13 23:00:00,0,0,3,0,1,27777457
2,2,119,32,933,194,2025-05-08 01:00:00,2025-05-08 10:00:00,18,4,0,0,0,27454755
0,3,12580,52,569,208,2025-05-15 13:00:00,2025-05-15 17:00:00,98,1,2,1,0,27530811
0,0,199,31,242,225,2025-05-17 09:00:00,2025-05-17 12:00:00,31,3,1,0,1,27906764
2,0,1,60,611,103,2025-05-03 07:00:00,2025-05-03 13:00:00,31,0,0,1,1,27757832
2,3,186,19,201,142,2025-05-05 15:00:00,2025-05-05 22:00:00,14,4,1,1,1,27924065
2,1,236,46,907,232,2025-05-08 19:00:00,2025-05-08 20:00:00,18,0,2,0,1,27415330
2,2,12545,52,233,63,2025-05-08 06:00:00,2025-05-08 08:00:00,14,3,0,0,0,27691330
0,2,13056,46,882,51,2025-05-15 10:00:00,2025-05-15 19:00:00,31,1,0,0,1,27415444
2,1,13203,9,471,225,2025-05-16 13:00:00,2025-05-16 18:00:00,14,3,0,0,1,27705195
0,2,13552,8,965,216,2025-05-10 04:00:00,2025-05-10 12:00:00,0,3,2,1,0,27692728
0,0,1,29,912,60,2025-05-16 19:00:00,2025-05-16 22:00:00,14,1,1,0,1,27430408
2,0,119,33,511,126,2025-05-07 15:00:00,2025-05-07 21:00:00,0,1,2,1,0,27657475
1,0,12580,42,67,251,2025-05-04 01:00:00,2025-05-04 06:00:00,0,3,1,1,0,27780269
1,0,63604,11,762,62,2025-05-11 13:00:00,2025-05-11 14:00:00,14,0,3,0,0,27758383
1,1,12306,13,1049,103,2025-05-02 00:00:00,2025-05-02 06:00:00,98,0,3,1,1,27757579
1,1,13056,31,316,232,2025-05-02 06:00:00,2025-05-02 09:00:00,14,3,1,1,1,27651322
0,1,13552,33,888,129,2025-05-06 03:00:00,2025-05-06 09:00:00,14,0,3,1,0,27762295
2,1,13056,64,127,167,2025-05-16 06:00:00,2025-05-16 09:00:00,31,3,2,1,1,27684977
0,3,25,11,930,192,2025-05-08 16:00:00,2025-05-09 01:00:00,98,4,2,1,1,27488419
