alarm_description,Severity,Alarm ID,Alarm Source,Location Info,Other Information,Last Occurred (ST),Acknowledged On (ST),Fiber/Cable Name,Cleared By,Acknowledged By,Clearance Status,Acknowledgement Status,Alarm Serial Number
2,0,14303,1,872,119,1733908551,1733914960,15,3,0,1,1,26697697
0,2,13987,46,716,125,1705141327,1705142001,54,0,1,0,1,27636671
0,1,56,26,747,236,1706958064,1706965248,21,0,1,1,0,27805321
2,1,12541,41,378,168,1726890608,1726897682,66,1,0,0,1,26619832
1,1,114,0,433,88,1704615418,1704616454,3,0,3,1,0,26761156
2,1,119,23,893,154,1709550439,1709551603,34,0,2,0,1,25555738
1,1,185,53,722,1,1721807407,1721813233,21,0,2,0,1,26197494
0,1,342,62,99,238,1695760020,1695761274,15,3,0,0,1,27693147
1,3,8,25,706,153,1724191890,1724198768,53,1,1,1,1,27653727
1,2,235,54,230,267,1706882997,1706884235,77,0,2,1,0,26720390
0,3,185,55,510,187,1705282430,1705286644,96,3,1,0,1,25852011
1,1,199,15,386,164,1712453969,1712459555,48,0,2,1,1,27685046
0,1,12545,41,544,25,1726607218,1726609560,25,3,0,0,0,26478335
2,0,335,2,54,164,1702626667,1702628899,61,0,3,1,0,27486145
2,1,236,36,864,66,1734616450,1734622330,60,2,0,0,0,25799456
1,1,13142,57,305,178,1726582659,1726585799,26,1,3,0,0,27511182
0,1,12541,32,561,115,1716711754,1716714591,25,2,3,1,1,25805645
2,2,2,60,81,80,1721099807,1721101817,97,1,1,1,1,27125488
0,1,13504,31,424,76,1711183382,1711184019,28,1,1,1,1,27000557
0,1,13203,39,965,172,1703864453,1703869080,18,3,1,0,1,27424198
0,1,12871,14,36,106,1697684068,1697685958,91,4,2,1,0,27552173
0,2,12301,36,555,46,1704953999,1704955631,13,0,1,1,1,26916876
1,2,335,63,1064,221,1712978163,1712982943,60,1,1,0,1,25406366
0,1,31,61,129,161,1725258735,1725261279,11,2,0,0,0,27246402
1,0,187,56,225,66,1708082580,1708088561,36,1,0,1,1,27971597
1,1,12580,53,831,144,1731573542,1731575693,42,1,0,0,1,27956020
1,1,13504,36,484,195,1713501186,1713506557,79,1,2,1,1,27651218
1,1,4,12,265,78,1731710389,1731711770,101,1,3,1,0,27880989
0,1,631,15,1015,94,1697459194,1697463699,50,4,2,0,0,25558546
0,1,13669,58,153,152,1721916812,1721920164,91,1,1,0,1,25670205
2,1,114,9,398,219,1715590205,1715597147,11,3,1,1,0,27673629
2,1,13669,18,360,172,1709140755,1709144364,98,0,2,0,0,27793351
0,1,12926,22,947,161,1716279808,1716286828,52,2,0,0,0,25754736
1,1,240,54,741,77,1704744327,1704745557,87,3,3,0,0,27675252
1,1,12306,15,526,181,1722473860,1722475879,48,1,1,1,0,27917191
0,1,187,43,954,173,1715482973,1715490140,27,3,0,1,1,25848883
0,2,1,55,372,242,1718463111,1718467752,49,1,2,1,1,27170291
2,1,186,3,347,267,1717568270,1717573632,106,2,3,0,1,27704796
2,1,14451,22,632,92,1730298277,1730299357,39,4,2,1,1,27857661
0,1,625,17,388,246,1704530873,1704536329,98,2,3,0,1,27917295
1,1,12862,38,305,48,1732609927,1732612314,43,1,3,1,1,27818721
1,1,12336,46,30,46,1710679127,1710681448,82,2,0,0,1,27571193
2,0,12541,38,1015,169,1711930419,1711935756,38,2,2,1,1,26232774
1,2,12843,4,689,243,1717653485,1717655745,46,4,3,1,1,27954200
1,1,30,50,423,179,1721377435,1721384470,69,1,0,1,1,26965376
0,1,119,50,55,104,1734393812,1734400830,99,3,3,0,1,27798661
1,3,12305,62,350,103,1731369017,1731369412,10,3,0,1,0,25763074
0,1,12336,66,81,57,1733815767,1733818590,38,0,1,1,1,25433515
1,1,12871,30,948,148,1706231858,1706238393,29,3,0,1,1,25880824
0,3,13417,30,28,134,1724073774,1724075242,76,4,0,1,1,26297854
1,1,13203,60,1069,37,1718106306,1718109070,77,4,0,0,1,25849889
1,0,12306,12,272,213,1734617617,1734620605,52,0,3,1,1,25446074
2,2,298,20,124,148,1707578410,1707581702,6,4,0,0,0,25844876
1,1,631,57,950,234,1727441296,1727444709,92,2,0,0,0,27849272
2,3,342,23,713,125,1732499618,1732502780,60,0,1,0,0,27840566
1,3,324,28,1041,75,1708870455,1708876317,98,2,1,0,1,26985082
1,1,193,50,279,145,1702309121,1702310556,67,3,2,0,0,25735933
1,0,119,30,717,140,1695397644,1695398726,15,4,1,1,0,26285251
2,3,12301,8,584,221,1697823345,1697830455,88,3,0,0,1,26257374
2,2,13417,15,272,87,1712803868,1712804324,96,0,0,0,1,26036089
2,1,13933,60,489,20,1725883282,1725884231,8,3,0,0,0,25673285
2,1,13186,55,850,229,1711071514,1711078060,55,1,1,0,0,27634093
1,1,327,50,1026,4,1737002864,1737003932,66,0,0,0,0,25877769
0,1,114,1,504,109,1700537274,1700538247,42,4,3,0,1,26033407
1,0,12587,15,516,57,1708324261,1708325705,88,3,3,0,0,26337348
0,0,14303,51,192,54,1725261413,1725262013,28,4,2,0,1,26252787
1,1,125,56,484,6,1732136039,1732141048,43,3,3,1,0,26284110
1,3,13933,56,205,213,1712270908,1712275435,56,2,3,1,1,25821475
0,1,12306,12,709,52,1713951642,1713955712,100,4,3,0,1,26198483
2,1,13552,52,89,161,1732674176,1732675542,98,0,2,1,1,26598777
0,3,324,23,1066,115,1718509414,1718510966,57,1,3,0,0,25501854
0,1,2,0,1072,213,1729960045,1729965166,54,3,3,0,0,27918637
1,0,31,8,397,262,1705151087,1705154074,90,3,2,0,0,25590855
2,2,12306,40,800,268,1721615683,1721619147,6,3,1,0,1,27686772
1,0,193,23,390,171,1723346567,1723350789,100,0,0,1,1,27892800
2,1,324,29,63,192,1700600514,1700606347,15,2,1,0,0,26437830
0,2,327,25,708,6,1701375938,1701380284,64,3,1,1,1,27424613
0,3,13964,32,1035,193,1714447416,1714450430,21,4,0,1,1,25572312
0,1,12308,10,309,237,1730337987,1730338458,74,2,1,1,1,25947119
2,1,12545,63,430,201,1701033158,1701034508,95,0,2,0,0,26294971
0,0,2,8,137,165,1733713433,1733717117,56,4,3,0,1,26189971
0,1,13417,33,70,60,1706243905,1706246223,79,3,0,1,0,26857916
2,1,240,64,1022,110,1720172167,1720173113,13,1,1,0,0,26598394
1,0,13669,33,297,228,1702464787,1702469476,36,3,3,1,0,27934616
1,1,32,39,276,10,1703558952,1703560343,82,4,0,1,0,26035979
2,2,193,51,542,151,1717355101,1717359502,14,3,1,0,0,26970874
0,1,298,33,49,151,1720987880,1720988480,110,3,0,0,0,27802701
2,0,12871,8,144,32,1710338290,1710342028,46,0,1,1,1,26774388
2,0,4,41,703,248,1718760024,1718766554,87,2,2,1,0,27926014
0,2,14152,34,73,9,1704670726,1704672242,30,2,2,1,0,25356309
1,0,199,61,428,176,1698417424,1698419525,89,0,0,0,1,27531096
0,0,100,23,805,154,1698972019,1698974167,110,1,0,1,1,27785222
0,1,14152,51,119,257,1708837940,1708839790,21,1,2,1,0,26825126
1,1,12544,64,504,205,1712717356,1712722630,42,1,3,0,1,26611818
1,1,186,51,455,73,1699015646,1699022100,57,3,0,1,1,27891979
0,1,13417,57,974,223,1713520035,1713521316,95,4,2,1,0,25971101
2,1,100,33,228,100,1735463187,1735466658,46,3,2,1,1,27692781
1,1,14102,41,781,114,1719496789,1719502939,74,4,0,1,1,25953375
2,1,299,40,789,62,1731373741,1731376505,40,3,3,0,0,27141989
0,1,13987,65,531,185,1707421775,1707425555,14,1,0,0,0,27969062
2,0,2,43,97,24,1728983858,1728988340,89,2,2,1,0,25317951
1,1,14102,16,346,166,1697232805,1697234548,8,3,0,0,0,26861371
0,0,31,0,866,122,1700056410,1700056933,103,3,0,1,1,26795934
2,0,13987,51,161,144,1723678544,1723682253,94,3,0,1,1,27754938
2,0,186,16,729,26,1734365551,1734369481,99,3,0,0,1,25387384
2,1,185,47,289,105,1707087762,1707089685,76,0,1,1,0,26031012
1,1,63629,57,428,197,1699493846,1699494260,73,3,1,1,0,27855547
1,1,12926,15,40,158,1719994302,1719994896,75,1,3,0,0,26770416
2,1,12587,55,332,100,1712481148,1712488192,35,1,0,1,0,27957409
0,1,13504,14,579,158,1705266377,1705271438,103,3,1,0,1,27286526
2,1,50,23,402,255,1727305785,1727312920,93,0,3,0,1,25819523
1,1,63604,21,1073,61,1720510170,1720513964,70,4,3,1,0,25387748
1,2,1,34,719,108,1718434551,1718439902,91,0,1,1,0,26695300
2,1,12587,6,1018,194,1735172133,1735178080,64,0,1,1,0,27965828
2,1,12541,13,224,155,1730714898,1730719206,50,3,0,0,1,27865980
2,1,631,62,504,249,1698050937,1698057992,43,0,2,1,1,27569629
0,1,12587,7,531,207,1719814084,1719818742,26,3,0,0,1,26270641
2,0,125,8,1061,53,1735668881,1735674858,99,1,2,1,0,27401185
2,1,327,56,804,266,1705948294,1705955139,3,3,0,1,0,25411392
0,0,298,7,916,163,1735484830,1735487611,0,3,2,1,0,27630935
2,1,12541,10,356,180,1716192417,1716196913,27,1,2,0,0,26257445
0,2,187,51,322,59,1700645241,1700649600,43,2,0,1,0,27686725
2,1,240,48,539,183,1723752759,1723756513,106,1,3,1,1,26543114
1,1,25,45,1067,107,1720014658,1720016605,33,0,0,0,1,27239638
0,1,100,20,495,197,1699286542,1699288396,29,0,0,1,0,26017214
1,1,13933,48,150,88,1703974603,1703977208,53,2,2,0,1,27835625
2,3,335,55,658,100,1733519779,1733525345,15,1,1,0,1,26475189
0,1,56,34,642,0,1722230994,1722231615,76,3,2,1,1,25722636
1,0,12956,27,979,27,1698661058,1698661766,29,1,1,0,1,27493901
2,1,12307,37,477,14,1717761250,1717764564,107,3,3,1,1,27803736
0,0,12956,4,993,250,1712477056,1712479334,62,3,2,0,0,26755726
0,1,12336,52,600,58,1729502674,1729503856,14,0,3,1,1,25961667
0,1,13504,50,18,194,1701419831,1701422541,38,0,0,1,0,25718927
1,0,63604,28,652,220,1722714132,1722715236,24,3,2,0,1,27422638
2,1,63629,3,59,115,1698341398,1698346601,65,1,1,1,0,27842010
1,1,13417,42,197,151,1717412729,1717419552,59,3,1,0,1,26511866
1,0,13987,7,911,22,1706562433,1706567832,50,2,1,0,0,25488711
2,1,199,11,843,75,1711450920,1711456124,38,4,0,1,1,25763918
0,3,12307,18,862,144,1716546260,1716551660,82,2,1,1,1,27063335
1,2,103300,8,62,229,1718586267,1718586716,106,1,0,1,1,26126259
1,0,63629,62,983,242,1703670898,1703676919,94,2,0,1,0,25376629
2,1,12307,3,966,11,1718581115,1718586139,10,1,3,0,0,27348521
0,1,12544,57,183,150,1707476506,1707481272,101,0,1,1,1,25438031
0,1,335,25,330,211,1708471504,1708475273,67,1,1,0,1,26246959
0,1,12541,36,741,50,1695801747,1695808322,31,1,1,0,0,27884003
0,0,12926,46,1016,11,1719204359,1719208206,48,3,1,1,0,27287791
2,0,13417,63,612,115,1697016608,1697020823,94,4,3,0,0,27803743
2,1,125,47,140,20,1719931915,1719934063,11,2,2,1,1,27764307
2,1,625,41,235,177,1731572764,1731574765,8,3,1,0,0,27837202
1,1,187,1,158,230,1729116880,1729119961,91,4,0,1,0,26117145
2,1,14451,18,465,22,1712409719,1712410259,15,0,1,1,1,27492678
0,1,12871,64,592,170,1717962161,1717962504,23,3,0,0,0,26814491
1,0,32,12,803,88,1725624155,1725629570,102,1,0,0,1,27757285
2,1,63629,19,182,23,1696198447,1696201990,53,1,3,1,1,26857992
1,1,13669,64,202,195,1697721945,1697724758,13,0,1,0,1,27651321
0,0,631,57,928,126,1731118644,1731124450,49,3,3,1,1,25846753
2,1,235,28,494,240,1711862379,1711868426,57,3,3,0,1,25627129
0,0,50,9,742,60,1725854316,1725854709,58,0,0,0,1,27222605
1,1,50,35,675,260,1704471120,1704472542,110,4,1,0,0,27574596
0,0,298,36,727,243,1729665573,1729671814,57,0,1,0,1,27858053
2,3,13933,52,231,189,1711514051,1711519923,107,1,3,0,0,27676144
1,2,638,22,622,34,1717255173,1717258705,12,2,0,0,1,26640071
0,1,327,59,161,206,1728728264,1728734831,2,2,0,0,0,27182360
2,0,12587,42,526,174,1731876965,1731884011,27,1,0,1,0,25877800
2,1,13186,27,258,159,1719701381,1719707350,12,3,2,0,0,26035292
2,0,12350,25,817,0,1705722505,1705726052,95,2,0,0,0,26510052
2,0,14303,28,891,173,1735749978,1735753387,44,2,0,0,1,25801538
2,0,56,37,976,1,1723126552,1723130758,22,3,3,0,0,27848668
1,1,63604,26,697,66,1715236152,1715238432,95,4,3,1,0,26055671
0,1,114,40,183,62,1731565011,1731570734,31,3,2,0,1,25825456
1,1,298,1,377,162,1709936436,1709938135,73,4,0,0,0,26014398
2,1,342,36,825,225,1722752224,1722757741,14,2,0,0,0,27725196
1,1,114,57,146,116,1724528471,1724529053,102,1,1,1,1,26551466
2,1,631,20,373,206,1727517636,1727520997,26,2,2,0,1,26716345
2,1,32,26,928,135,1712673497,1712679465,13,3,0,1,1,27968000
2,2,13203,33,561,97,1728096110,1728096761,35,4,1,1,0,26877593
1,1,12541,56,264,244,1696600258,1696604726,108,1,2,1,1,27657269
1,3,12862,47,739,199,1695004002,1695008620,6,1,1,0,0,26055644
1,1,13933,4,894,220,1702852758,1702854504,32,0,1,1,0,26779768
0,1,12788,9,441,223,1736920632,1736923164,29,2,3,1,0,27607068
0,1,12862,4,1047,33,1735820400,1735822010,68,1,2,1,0,27472549
1,1,13552,51,316,178,1727956104,1727961488,59,1,3,0,1,26722629
2,2,12350,9,933,29,1697873994,1697878913,41,1,1,1,0,27255319
1,1,187,10,375,195,1700832129,1700833748,52,1,1,1,1,26625233
2,1,14102,53,665,149,1713969946,1713975851,15,2,3,0,1,27811222
1,2,12350,39,395,156,1703830347,1703831284,61,4,1,1,1,27387434
0,1,14152,15,704,171,1728234621,1728238725,81,1,0,1,0,26541437
1,2,125,26,620,43,1722207074,1722211683,74,4,2,0,1,27102813
2,0,12545,33,356,145,1735344578,1735347084,104,3,3,1,1,27628211
0,0,13964,10,348,113,1721739286,1721740923,99,1,0,0,0,25725843
0,1,13933,45,385,138,1720272807,1720278452,61,1,1,0,1,27763570
0,1,4,7,930,140,1722342184,1722344228,63,2,0,0,0,27934055
2,0,114,32,517,160,1728858280,1728865269,59,1,3,0,0,25603067
2,2,187,60,744,259,1707058896,1707059965,70,3,1,1,1,25411033
0,0,631,31,692,234,1697882080,1697882439,21,3,0,0,1,27298338
1,1,324,53,1018,215,1716904862,1716905855,29,0,1,0,1,27950831
0,1,12580,44,885,213,1710356885,1710358033,60,4,0,1,0,25655355
1,0,299,18,258,266,1711657768,1711660076,76,0,2,1,1,27758509
2,1,12336,17,138,165,1722971836,1722975322,66,3,1,1,1,25432569
1,1,13552,61,1008,193,1697329310,1697335433,65,2,1,0,0,27919018
1,1,125,25,1015,101,1696575234,1696577683,47,3,0,0,1,26118360
1,1,298,48,190,108,1701852720,1701856968,73,0,1,0,0,27969481
0,1,240,33,765,172,1695213588,1695214227,20,2,0,1,1,25735650
1,1,63604,11,743,158,1705799794,1705800245,43,1,3,1,1,27858177
0,1,13203,43,346,268,1700756105,1700762165,14,3,1,0,1,27821971
1,1,199,12,997,73,1709899771,1709902989,7,2,2,1,1,27733686
2,1,12580,44,645,68,1726177352,1726177997,47,4,2,0,0,25503732
1,1,199,31,58,196,1709842037,1709845434,11,3,0,0,0,27862830
1,1,298,63,749,234,1709837806,1709843261,6,4,2,1,1,27000554
2,1,12305,62,591,35,1695622259,1695627703,99,2,1,1,0,27007165
0,3,119,37,270,154,1706980394,1706982330,79,1,3,0,0,25805664
0,3,12541,4,303,202,1735589502,1735594574,64,4,0,1,0,25404265
2,0,25,53,1001,90,1727554085,1727559953,109,1,3,1,0,27698563
0,3,13056,10,943,119,1718886929,1718887782,57,0,1,0,1,25559868
1,1,13412,33,675,252,1732935267,1732941810,69,4,2,1,1,26337245
2,0,125,45,1076,102,1717667279,1717671840,17,4,3,1,1,25917762
0,0,12580,62,364,17,1726919433,1726926072,39,4,1,0,1,27026696
0,1,14102,45,558,139,1708332451,1708333527,73,1,2,0,1,26489386
1,0,56,32,555,127,1698547369,1698547790,23,4,0,1,1,26436053
1,3,13417,54,512,188,1711808126,1711812753,9,2,0,1,1,26573700
1,3,638,66,595,115,1699380654,1699384980,78,1,2,0,0,25973261
1,1,12580,51,896,101,1731846918,1731849951,75,0,0,1,1,26719903
2,3,12956,27,610,155,1717719683,1717720593,95,0,0,0,1,26967743
2,1,12862,44,102,267,1703273938,1703276922,83,4,0,1,0,27953201
0,1,125,44,661,4,1706553943,1706560393,58,3,2,1,0,26477109
2,1,13539,45,960,256,1731997816,1731998301,29,0,2,0,1,26268851
1,1,12308,56,377,157,1722978027,1722979498,101,0,1,0,1,25886566
0,2,13056,54,174,132,1726593492,1726600145,49,1,0,0,0,27900799
2,1,235,52,835,63,1713347677,1713348602,16,2,1,0,0,27916851
2,2,13552,36,460,225,1696619797,1696624227,50,1,0,1,1,25763284
2,1,13142,23,370,209,1729200341,1729203576,96,0,1,0,1,27874396
0,1,30,4,854,221,1721978743,1721980200,31,3,1,0,1,26968089
0,1,333,12,604,77,1713735842,1713736814,54,3,3,1,1,27948929
1,1,12788,34,998,146,1698448902,1698452435,68,4,3,1,0,27385024
2,1,12862,15,100,145,1722788727,1722795479,39,1,2,1,0,26687543
2,0,12843,27,380,30,1715206295,1715211225,29,4,3,0,0,27900372
0,1,12541,61,671,158,1710359348,1710365777,88,2,1,1,1,27768015
1,3,335,24,60,77,1720021386,1720024530,25,2,3,1,1,27871325
2,1,631,38,423,185,1716284463,1716285932,76,0,0,0,0,27698092
1,0,13142,43,11,219,1727696228,1727697473,77,4,3,1,0,26935234
2,1,13987,44,62,113,1698520665,1698527381,51,2,0,0,0,27811545
0,0,12350,30,307,131,1705979777,1705983979,109,3,1,1,0,27734002
1,1,333,43,8,39,1697088079,1697091540,45,4,1,0,1,26218268
0,0,240,14,41,257,1718189936,1718193739,94,4,3,0,0,25757394
1,1,63604,15,498,124,1717282319,1717286798,98,3,3,0,1,27679938
1,1,30,20,220,189,1732401643,1732405824,52,0,1,1,0,27054085
1,0,125,52,595,268,1699755220,1699760050,101,4,1,1,0,26924637
1,1,32,22,662,127,1703671344,1703678196,44,1,0,1,0,26830559
2,0,1,1,664,73,1728187837,1728193209,96,0,0,1,0,27907446
2,2,12926,19,289,244,1736628410,1736632619,50,2,1,1,0,27747227
0,1,235,3,832,91,1727301641,1727307063,20,1,2,0,1,27916603
0,1,63629,8,193,39,1705649163,1705649493,4,3,0,0,0,25434949
0,1,13964,25,326,70,1704271941,1704277506,58,2,0,0,1,27269760
1,1,12862,46,484,120,1727172871,1727177390,48,2,2,1,0,27098370
0,3,13933,64,736,208,1716023653,1716029103,57,2,2,1,1,25668463
1,1,12541,50,591,54,1722360918,1722363483,12,4,2,0,0,27926774
0,0,12788,43,406,179,1720151241,1720156698,100,1,2,0,0,27676531
0,1,12843,2,427,121,1711117243,1711120337,68,1,0,0,0,27960539
1,2,1,47,462,85,1696122580,1696128448,37,2,1,1,1,27841327
1,1,56,36,995,220,1730119944,1730123894,37,3,1,0,1,27266538
1,0,342,54,595,137,1707212823,1707219750,57,4,3,0,0,25406981
2,1,236,60,540,197,1723662077,1723665171,100,4,0,1,1,26244505
1,0,1,12,125,37,1730871218,1730874236,38,2,3,1,0,26642084
0,1,12580,26,947,261,1697701494,1697701911,45,3,2,0,0,26017109
2,1,12301,10,177,220,1696522733,1696528123,28,0,0,1,1,27602772
2,3,236,24,335,50,1735903564,1735905710,18,3,2,1,1,27755427
2,1,13056,3,1013,155,1728801575,1728806076,65,1,3,0,0,25901872
2,1,335,1,171,208,1731663512,1731668313,38,1,0,1,1,25592463
1,1,12956,5,847,155,1712767303,1712769628,84,0,0,0,0,27945057
1,0,12301,14,809,267,1709862583,1709865450,64,4,3,1,0,27885218
0,0,12301,20,700,38,1726448335,1726449552,92,2,0,1,1,25839421
0,3,199,42,531,6,1707582659,1707588783,84,3,2,1,1,26268995
1,1,236,24,310,201,1699199540,1699200869,0,0,1,1,1,26197130
2,0,13142,27,591,166,1732468671,1732469252,63,4,2,1,0,27948077
2,1,13417,57,806,97,1708979068,1708980416,74,3,2,1,0,26089683
2,1,12788,53,648,174,1710989585,1710996140,78,3,1,1,1,27815604
1,2,12307,31,635,262,1724070699,1724076222,5,3,2,1,0,27903036
0,1,30,11,945,107,1708925516,1708932418,39,4,2,1,0,27042970
1,0,25,51,9,226,1700601715,1700606371,92,4,1,0,1,27934845
1,1,12871,56,795,121,1729771420,1729774041,101,0,2,1,1,26813803
1,1,13964,27,325,206,1720948052,1720953449,35,3,1,0,0,27716482
1,0,125,45,228,103,1718539117,1718543840,64,0,2,0,1,26697728
0,3,185,19,501,32,1736070386,1736075540,80,4,2,1,0,27694965
1,3,12580,60,291,201,1710037710,1710041230,95,4,2,0,0,27154057
2,0,1,4,953,259,1717285376,1717290124,65,3,2,0,0,26975459
1,3,1,7,711,130,1735344175,1735349718,17,2,1,1,0,26234183
0,3,12336,20,611,79,1732988589,1732989117,19,3,1,0,0,26734649
1,1,12862,55,803,262,1713165190,1713168081,73,3,2,1,1,25498290
0,0,12308,65,842,95,1709044824,1709047756,8,4,0,0,0,27925513
1,1,327,10,692,25,1714288224,1714292476,57,4,3,1,1,26479948
2,1,13552,62,835,195,1732771282,1732777316,75,3,0,0,1,27841563
1,0,13417,54,524,267,1714159721,1714161452,102,1,3,0,1,25304449
0,1,119,27,366,50,1702248330,1702255343,40,0,1,1,1,27681310
2,0,12788,16,96,198,1696938959,1696939620,13,0,2,0,1,27852994
2,3,638,66,766,158,1718156117,1718159678,64,2,0,1,0,27943381
1,1,30,54,345,175,1699992031,1699992759,62,3,2,0,1,27863415
2,3,12580,24,753,209,1708299338,1708304059,61,4,3,0,1,25433321
2,1,103300,18,84,230,1720576075,1720581126,25,1,1,0,0,27294303
1,1,625,20,5,86,1709916759,1709917734,89,1,2,1,0,27417292
2,1,12305,64,697,91,1707147697,1707148900,82,3,2,0,1,26278379
0,1,31,45,635,1,1695715078,1695716440,5,2,2,1,1,27571236
2,1,31,66,323,242,1707229975,1707233986,3,0,2,1,1,27886458
2,0,235,57,1037,3,1713542407,1713544425,89,2,1,0,0,27682510
1,1,12307,46,453,51,1697849935,1697856329,19,1,2,1,1,27790411
1,0,199,13,63,14,1712412378,1712415280,57,4,2,1,1,26534067
1,1,14152,3,955,156,1726526895,1726531203,13,3,3,1,1,26403864
0,0,14152,32,267,46,1726976188,1726979296,40,3,1,1,0,27336418
2,0,12843,5,517,201,1705113902,1705119678,102,2,3,1,1,25762610
2,1,193,39,955,163,1726297795,1726303044,7,0,2,1,1,26298868
2,1,32,10,701,103,1702402076,1702402733,61,0,2,0,0,25695379
1,3,193,8,964,100,1709782994,1709789236,67,2,0,0,1,26257656
1,2,12544,21,356,88,1730788835,1730795092,30,0,0,1,0,25596206
0,2,327,6,765,153,1700337416,1700338043,8,1,1,1,0,26541489
1,3,625,4,1069,214,1736440472,1736443009,9,3,2,0,0,27271182
1,1,13186,1,472,210,1707207846,1707209806,104,0,3,0,0,27929278
2,1,12580,56,733,218,1716465618,1716471598,1,4,0,0,0,27635472
0,2,12843,52,786,95,1700693171,1700699335,10,3,2,1,0,25760041
1,1,4,37,723,173,1715728422,1715734912,8,3,1,1,1,27326292
0,1,50,7,957,133,1725139897,1725144174,20,0,0,0,0,27416814
0,1,13504,51,16,34,1712235139,1712241787,4,1,0,1,1,27107309
2,3,12308,59,147,38,1736989965,1736993137,37,3,0,1,1,27290182
0,3,50,28,156,168,1716398678,1716400404,68,1,2,0,1,25855383
1,1,13987,55,741,196,1722162739,1722166225,76,4,3,1,1,25523822
0,1,50,6,692,39,1701368546,1701372285,14,2,1,0,0,25986862
2,0,119,56,157,208,1699973881,1699979494,59,1,2,1,0,27612489
0,2,32,23,407,2,1704745320,1704750673,65,1,2,0,0,26510219
0,2,193,15,594,148,1717938903,1717942468,107,0,0,0,1,27836235
2,1,114,61,524,53,1725062520,1725063446,36,0,0,0,1,25371934
1,1,8,54,845,17,1736445065,1736449461,45,1,1,1,1,26222594
1,0,13552,48,998,109,1711115646,1711122800,43,3,0,0,0,26831754
0,0,32,3,970,14,1730099932,1730106786,20,0,1,0,0,25681072
1,3,1,11,437,64,1729304863,1729306808,23,4,0,0,0,27492180
1,1,13412,34,806,138,1700116791,1700119965,85,4,1,0,1,25753506
0,1,638,51,546,50,1695079789,1695086135,11,3,1,1,1,27772097
2,0,13552,50,586,85,1704605115,1704609158,72,3,0,0,0,27735348
2,0,1,64,1060,232,1701107055,1701108588,81,1,0,0,0,27889318
0,1,50,65,762,218,1707514441,1707519382,56,1,2,0,0,27813831
0,1,13186,4,454,250,1709591955,1709594361,32,2,0,0,1,25355386
0,1,342,45,708,263,1718156527,1718157410,49,4,0,0,1,26583478
0,0,236,59,217,63,1718096407,1718102742,52,2,1,0,0,26766972
1,3,12306,13,250,104,1706140046,1706144677,61,4,2,1,0,27935933
2,3,186,30,684,237,1696720268,1696724258,52,1,3,0,0,25577201
2,1,63629,47,40,55,1696497582,1696502391,16,3,1,0,0,26414590
0,3,12308,45,721,224,1718705531,1718711333,66,2,0,0,1,25551940
2,0,12862,38,668,198,1729494267,1729495650,10,0,3,1,0,27723123
2,1,56,49,825,250,1718881394,1718882036,40,4,3,0,0,25463370
1,2,235,57,913,158,1711571254,1711575837,44,4,2,1,1,27847959
1,1,13987,20,237,135,1730559292,1730564466,41,4,0,0,1,27587642
0,2,625,22,638,170,1720573314,1720576804,104,0,2,0,1,25988651
2,1,12862,54,938,202,1714128086,1714132802,111,4,2,1,0,27791208
0,1,12308,28,45,225,1708592985,1708596542,31,2,3,1,0,25923480
1,1,4,34,912,201,1714993469,1715000234,97,4,1,1,1,25993541
0,1,333,13,864,255,1716606314,1716611011,19,1,0,1,0,25385480
1,3,12788,49,960,14,1724452980,1724455290,55,2,1,0,1,26024908
0,2,13142,44,812,50,1707953681,1707958725,70,2,0,1,0,26937151
2,2,12862,55,703,198,1714073085,1714076259,45,2,0,1,0,27704930
2,1,631,48,831,188,1728723810,1728724257,39,3,3,0,1,27188175
0,1,12587,30,558,214,1721411129,1721417326,54,2,1,1,0,26242966
2,1,236,45,146,5,1735936006,1735939314,62,4,2,1,0,25444333
2,1,12587,52,874,101,1722471032,1722474932,16,3,2,0,0,26975590
1,1,1,23,350,58,1716523509,1716528411,66,0,3,0,0,26659084
0,1,12544,32,374,259,1722026405,1722026935,15,0,2,1,0,26654256
1,1,12306,11,567,252,1704002186,1704004276,30,1,2,1,0,25552698
0,1,193,48,761,242,1717666424,1717667950,49,1,2,1,1,27766835
0,0,235,8,66,171,1710378970,1710382622,53,3,3,0,1,26897379
0,1,13987,2,605,261,1710331334,1710332889,75,4,3,0,1,26647966
0,1,324,1,139,189,1728382248,1728383036,7,3,0,0,0,27364065
0,2,63629,9,312,267,1703978109,1703981047,33,4,0,0,1,25764710
1,1,240,16,639,104,1720172649,1720178717,15,3,1,1,1,26275053
1,1,12587,39,910,100,1728499465,1728501053,98,1,2,0,0,27657061
1,1,333,30,263,217,1709988855,1709992466,94,0,0,0,1,27901132
2,1,12956,8,646,198,1721563766,1721565171,77,1,0,1,1,27710458
0,0,103300,11,156,122,1704969395,1704971401,36,2,0,1,0,27634409
1,2,14102,58,499,215,1698335934,1698342130,94,0,1,1,0,27631223
2,1,12301,6,803,118,1720463128,1720467202,32,3,1,0,1,27785492
0,1,298,30,995,168,1733330868,1733337380,6,0,0,1,1,26413107
0,0,335,13,208,79,1705106318,1705107682,32,1,3,0,0,25754538
1,2,12350,0,564,223,1716595866,1716601880,67,0,1,0,1,26559809
0,1,333,11,805,13,1699947339,1699953761,86,2,2,0,0,25550365
0,0,12843,38,552,136,1697042286,1697047281,105,3,0,0,0,27492001
1,1,13186,57,27,58,1706359430,1706364962,20,1,2,0,1,27808197
1,0,12956,2,243,249,1732924086,1732930903,57,0,0,1,1,26017075
0,1,12350,56,440,58,1704793855,1704795063,78,1,2,1,0,25406677
1,1,14451,36,982,111,1720209686,1720212638,19,2,2,0,1,25372897
0,1,12580,35,704,188,1736374714,1736376769,21,0,1,1,0,27420125
2,2,298,59,885,76,1708218923,1708225632,41,0,1,1,1,27343014
2,1,187,41,228,176,1700210411,1700212600,109,3,3,1,1,26536149
0,0,12788,61,297,255,1731142404,1731146985,109,4,2,1,0,27206255
2,0,12788,60,1020,164,1734244771,1734245386,69,4,1,0,1,25891869
0,1,12926,43,725,83,1726515693,1726521424,106,1,1,0,1,27292811
2,1,114,38,124,203,1734009603,1734011370,56,3,3,1,0,27634194
1,1,12305,64,107,146,1716100378,1716106229,78,3,2,0,1,27168564
0,1,333,33,497,77,1722164009,1722170604,95,4,2,0,0,27417294
0,1,50,54,939,74,1694701370,1694707154,49,3,0,1,1,26903863
1,1,12306,41,693,152,1721107344,1721109929,54,4,0,1,0,26244506
1,3,13669,33,617,248,1699063557,1699065830,106,4,3,0,0,26732660
0,1,333,37,490,215,1710626942,1710627861,98,4,3,0,1,26844692
2,1,298,36,124,64,1730808779,1730814374,41,1,2,1,1,26986762
0,1,50,66,816,173,1703016057,1703023029,107,3,1,1,0,27905603
1,3,13056,46,585,265,1716891137,1716895772,4,4,1,1,1,27104628
0,0,342,16,1007,116,1714695681,1714700468,75,1,3,1,0,26045723
0,1,199,45,654,259,1710402686,1710408214,105,3,1,1,1,25352582
0,1,31,38,652,121,1736682533,1736688473,8,4,1,1,0,26558136
2,1,13552,54,163,200,1722327974,1722332599,35,4,3,1,0,27184629
2,2,12301,43,570,148,1706404134,1706407502,101,0,1,0,0,25687319
2,1,324,42,995,148,1726483198,1726487102,50,0,0,0,0,25479971
0,1,1,35,696,28,1733489308,1733496352,99,4,1,0,0,27565098
2,2,13552,61,135,79,1735881448,1735882614,44,3,0,1,1,27878396
2,1,13056,21,647,132,1699298208,1699300122,81,3,3,0,0,25916917
1,1,12871,52,729,148,1715182750,1715186907,56,4,0,0,0,27831430
2,1,13552,36,905,204,1719308390,1719314362,59,3,2,1,0,25991251
1,1,13142,50,950,119,1717886454,1717891839,20,1,2,1,0,27820277
0,1,13417,63,971,258,1728472786,1728477902,105,3,1,1,1,25950129
1,1,14451,63,7,234,1729895353,1729898726,13,4,1,1,0,27963183
1,1,13539,9,526,58,1707643700,1707650284,59,1,3,0,0,27264698
0,1,335,46,398,267,1710024281,1710024971,2,4,0,0,1,27102912
1,1,63604,11,582,158,1735079241,1735081879,77,4,2,0,0,25329619
1,0,13987,37,676,201,1704004425,1704008964,98,0,0,0,0,27609651
1,1,1,4,1045,24,1735425441,1735428213,10,4,2,0,0,26993179
2,2,32,2,888,254,1696475255,1696476691,95,0,0,1,1,27287119
1,2,103300,3,794,266,1737376830,1737380906,42,1,0,1,1,25474723
2,1,625,48,681,66,1721235301,1721239463,102,1,0,0,0,25706230
1,1,14303,27,745,123,1711206522,1711211821,107,4,2,0,1,26963867
0,1,12862,62,357,169,1731017534,1731020380,103,4,2,1,1,26971707
1,1,56,64,771,29,1711130218,1711137288,15,4,3,1,1,26023966
0,1,14102,19,298,245,1718227185,1718231862,1,3,0,1,0,25463114
1,0,50,40,302,201,1712767461,1712774304,84,3,0,0,1,27678082
1,1,12545,58,209,92,1726748058,1726751044,23,2,3,0,1,25838611
1,1,103300,22,356,125,1730502290,1730504566,11,4,1,1,0,26476923
1,1,12307,19,1039,61,1718751204,1718752533,8,1,1,1,1,27736350
2,1,56,62,52,237,1720860557,1720867531,32,2,3,1,1,27685154
0,2,12862,44,1005,70,1702356469,1702362953,1,0,0,0,0,27523469
0,1,186,8,836,153,1712498122,1712500020,92,1,2,0,0,26623590
0,0,32,22,438,201,1726399883,1726405479,84,1,3,0,0,25585028
1,1,12871,18,296,208,1726291254,1726297572,27,0,0,0,0,26457065
2,0,12336,16,671,250,1721939458,1721942218,87,0,2,0,1,26684725
0,3,235,12,628,253,1711467650,1711470135,18,4,1,1,1,27942428
1,0,13186,43,380,38,1725764916,1725767557,20,1,1,1,0,25904258
0,1,324,63,527,104,1737282821,1737288482,80,2,1,0,1,26811509
0,0,12544,63,259,23,1719456174,1719457616,42,2,1,0,1,27716705
1,1,31,39,48,262,1697038866,1697040694,96,2,1,0,0,26903988
0,1,13933,63,891,70,1726788794,1726792528,99,3,0,1,0,27741473
0,0,13203,1,634,133,1737394898,1737396703,49,1,2,1,1,27842910
2,1,625,32,366,122,1722303781,1722310837,108,1,3,1,1,27817065
2,1,13539,6,462,175,1695862449,1695869043,75,1,3,0,1,25875947
0,2,13056,22,659,136,1719363806,1719366233,77,1,2,1,1,26033866
0,2,1,66,656,79,1695523774,1695529914,53,0,1,0,1,27971684
2,1,12926,15,1020,27,1716494834,1716498987,55,3,2,1,0,26455925
2,1,12843,55,587,58,1709738475,1709740657,94,0,1,0,1,27742857
0,0,14152,58,570,126,1698531841,1698533799,101,0,3,0,1,26782763
1,2,32,13,253,48,1727450574,1727452976,87,3,3,0,1,27935523
2,1,299,39,1048,146,1725484428,1725488307,6,3,3,0,1,26457099
1,1,638,65,456,163,1696310949,1696314371,32,0,1,1,1,27866943
1,3,12541,63,843,20,1700336651,1700341078,16,2,0,0,1,27067783
2,1,342,55,383,153,1695179490,1695182506,2,0,1,1,0,27649164
0,1,12926,49,409,155,1727640327,1727643566,56,0,1,0,1,26210619
2,1,298,1,650,125,1736262328,1736269390,0,2,1,0,1,25379877
1,1,12580,42,784,4,1714850480,1714854209,9,4,3,0,1,25748722
0,1,12580,53,428,34,1719495677,1719500444,96,4,1,0,0,25637862
2,1,298,48,130,70,1721133745,1721137044,111,0,2,1,0,27085733
0,1,12545,5,401,242,1701414125,1701420982,47,3,2,1,1,27675257
1,3,13142,23,357,184,1718913015,1718917893,43,0,2,0,0,25564968
1,1,12336,34,141,93,1705463987,1705464500,37,2,2,1,0,25764291
2,1,13142,15,47,69,1702338159,1702338610,19,3,2,0,1,27849390
1,1,12307,50,337,66,1710370679,1710374874,11,0,0,1,1,26274828
1,0,14451,62,645,133,1730473910,1730480362,59,2,1,0,0,27766296
1,1,13056,41,901,192,1732209617,1732212768,26,1,0,1,1,27771183
0,0,13186,25,545,51,1725935504,1725941006,96,3,1,0,0,26354012
0,1,13539,59,758,88,1725594400,1725597417,68,2,3,1,0,27674173
0,1,119,61,443,251,1725292024,1725294802,5,4,3,0,1,27426714
0,0,12871,29,642,82,1729809246,1729811836,45,3,0,0,1,27266293
1,1,13964,18,895,175,1696839377,1696846325,16,3,0,0,1,26828736
2,0,327,22,903,171,1717276668,1717282637,2,2,0,0,1,25390773
1,1,13417,39,584,229,1712699481,1712701410,12,1,0,1,0,27439742
1,2,1,59,550,145,1709691395,1709691939,21,4,1,1,0,26722502
1,1,12580,40,661,122,1714415749,1714418652,7,3,3,1,0,27063222
0,0,12956,17,500,226,1737734734,1737738311,38,4,0,0,0,27740415
2,1,235,50,613,246,1708090353,1708097030,61,2,3,0,1,25412223
0,0,13142,37,910,5,1696024029,1696030744,97,2,1,1,0,26786980
0,0,103300,48,205,138,1701336279,1701342520,46,3,2,0,1,27426022
2,3,12871,60,828,199,1707935140,1707941846,55,0,1,1,0,26708104
2,3,14451,48,808,102,1732717496,1732718531,109,1,1,0,0,27875344
0,3,631,7,856,124,1705400257,1705403168,80,4,2,0,0,25429383
0,2,13933,1,887,195,1709929990,1709933661,69,3,1,1,1,27467440
2,1,13056,63,499,249,1696239030,1696243579,102,2,3,1,0,26502737
1,1,12843,52,578,202,1732791878,1732796006,6,1,1,0,1,27530173
2,1,12541,11,273,218,1726927357,1726931213,7,0,2,1,0,25545765
1,3,119,28,342,4,1723686229,1723691500,3,4,1,1,0,27775599
2,1,14451,55,533,256,1723621171,1723624502,10,3,2,1,1,27422446
1,1,13504,15,326,122,1723248696,1723251813,58,1,1,1,0,27546816
2,3,13203,12,284,149,1732367468,1732373809,48,4,0,0,0,27901612
2,1,12541,41,1005,110,1719310497,1719310980,109,3,0,0,1,25988920
2,0,13933,9,1039,173,1729315499,1729321407,36,0,0,0,0,25413048
2,3,25,58,1017,24,1731617018,1731621954,72,3,0,0,0,25433716
2,1,103300,6,333,27,1726254922,1726255292,28,0,1,1,1,25421981
1,1,13186,6,240,74,1705328434,1705328836,79,2,1,1,1,27640250
1,1,13933,29,1075,214,1725296386,1725302961,15,0,2,1,0,27546854
2,1,13504,59,521,141,1700804589,1700811024,25,1,2,1,0,27367702
0,1,12544,19,53,230,1696006091,1696010026,13,1,0,1,0,27733479
1,0,13987,6,631,224,1702202597,1702204638,24,2,1,0,0,27103131
