alarm_description,Severity,Alarm ID,Alarm Source,Location Info,Other Information,Last Occurred (ST),Acknowledged On (ST),Fiber/Cable Name,Cleared By,Acknowledged By,Clearance Status,Acknowledgement Status,Alarm Serial Number
1,3,13056,11,930,197,2025-05-16 00:00:00,2025-05-16 03:00:00,18,1,2,1,0,27424681
2,2,12308,13,593,161,2025-05-04 11:00:00,2025-05-04 14:00:00,31,1,3,0,0,27651322
0,2,236,4,1044,216,2025-05-04 20:00:00,2025-05-04 23:00:00,0,4,2,0,0,27686415
2,2,12308,63,796,60,2025-05-13 13:00:00,2025-05-13 15:00:00,31,1,2,1,0,27765183
2,0,25,35,244,142,2025-05-05 11:00:00,2025-05-05 13:00:00,31,0,0,1,1,27701415
1,0,12544,29,907,59,2025-05-09 13:00:00,2025-05-09 15:00:00,18,3,2,1,0,27564007
0,1,4,34,796,103,2025-05-16 22:00:00,2025-05-17 03:00:00,18,0,0,1,0,27686415
0,0,236,32,576,65,2025-05-18 13:00:00,2025-05-18 17:00:00,18,3,0,1,1,27482387
1,2,186,50,698,216,2025-05-01 12:00:00,2025-05-01 16:00:00,14,3,3,0,1,27827476
0,2,119,11,566,251,2025-05-05 09:00:00,2025-05-05 11:00:00,98,1,0,1,0,27827476
0,3,25,47,977,142,2025-05-04 04:00:00,2025-05-04 06:00:00,14,4,3,1,1,27483421
2,1,235,18,444,251,2025-05-03 18:00:00,2025-05-03 19:00:00,0,3,3,0,0,27878828
2,3,13056,53,593,205,2025-05-01 02:00:00,2025-05-01 06:00:00,0,0,1,1,0,27577744
1,3,12307,24,65,59,2025-05-14 11:00:00,2025-05-14 12:00:00,0,3,0,1,0,27784441
0,1,13056,52,593,228,2025-05-01 03:00:00,2025-05-01 06:00:00,98,3,0,1,0,27945202
1,3,25,22,917,61,2025-05-17 08:00:00,2025-05-17 10:00:00,14,1,1,0,0,27912166
1,2,12307,54,888,97,2025-05-19 14:00:00,2025-05-19 19:00:00,18,0,3,1,0,27657498
0,1,186,34,63,202,2025-05-18 10:00:00,2025-05-18 14:00:00,98,4,3,1,0,27898284
1,2,4,43,636,192,2025-05-16 09:00:00,2025-05-16 14:00:00,98,0,3,1,0,27840773
2,3,327,42,272,59,2025-05-18 15:00:00,2025-05-18 16:00:00,18,0,1,1,1,27733469
2,1,13552,53,847,66,2025-05-13 22:00:00,2025-05-14 00:00:00,31,0,1,0,0,27926420
2,2,2,54,234,203,2025-05-11 11:00:00,2025-05-11 16:00:00,31,3,3,0,0,27852344
0,0,4,42,11,198,2025-05-19 16:00:00,2025-05-19 18:00:00,18,0,0,1,1,27419820
0,3,12544,52,897,63,2025-05-14 16:00:00,2025-05-14 17:00:00,98,4,3,1,1,27878828
1,2,12350,15,161,129,2025-05-13 18:00:00,2025-05-13 23:00:00,14,4,2,1,0,27889790
1,2,299,55,242,216,2025-05-11 00:00:00,2025-05-11 04:00:00,0,4,0,1,1,27733479
2,3,1,13,522,160,2025-05-03 12:00:00,2025-05-03 14:00:00,18,4,3,0,1,27741434
1,1,199,40,623,216,2025-05-02 13:00:00,2025-05-02 16:00:00,0,4,1,1,0,27774898
1,0,12306,34,631,162,2025-05-03 16:00:00,2025-05-03 20:00:00,14,0,3,0,0,27917629
0,0,12306,30,918,185,2025-05-13 18:00:00,2025-05-13 22:00:00,14,3,2,0,0,27745016
2,0,13142,41,283,51,2025-05-16 09:00:00,2025-05-16 10:00:00,98,3,1,1,1,27608444
2,1,13203,19,925,97,2025-05-04 16:00:00,2025-05-04 21:00:00,31,3,1,0,1,27939340
2,1,324,57,881,207,2025-05-04 23:00:00,2025-05-05 01:00:00,0,0,2,0,1,27546105
2,0,12545,36,127,221,2025-05-09 01:00:00,2025-05-09 06:00:00,18,0,2,1,0,27564007
2,2,4,39,929,63,2025-05-10 08:00:00,2025-05-10 12:00:00,18,3,2,1,1,27898159
1,1,12308,49,511,230,2025-05-19 05:00:00,2025-05-19 06:00:00,14,0,0,1,1,27898284
2,2,12306,40,831,221,2025-05-03 15:00:00,2025-05-03 18:00:00,98,3,3,1,1,27926420
1,0,25,47,1039,97,2025-05-09 15:00:00,2025-05-09 18:00:00,18,0,0,1,1,27488419
0,1,12350,30,164,59,2025-05-06 01:00:00,2025-05-06 04:00:00,14,4,0,1,1,27914822
2,1,12580,62,332,161,2025-05-14 23:00:00,2025-05-15 00:00:00,31,0,2,1,0,27850395
2,2,4,0,281,101,2025-05-06 08:00:00,2025-05-06 09:00:00,14,3,1,1,1,27564007
1,2,186,3,281,205,2025-05-06 21:00:00,2025-05-06 22:00:00,18,4,2,1,0,27423230
1,1,187,18,1039,232,2025-05-12 15:00:00,2025-05-12 18:00:00,14,3,0,0,1,27831835
2,2,235,23,657,228,2025-05-10 09:00:00,2025-05-10 13:00:00,98,4,3,1,0,27747001
2,0,4,19,562,51,2025-05-16 04:00:00,2025-05-16 06:00:00,98,1,2,0,1,27529304
1,3,13552,24,63,142,2025-05-07 15:00:00,2025-05-07 16:00:00,14,3,0,0,1,27807448
2,1,12307,10,473,169,2025-05-06 22:00:00,2025-05-06 23:00:00,98,1,3,0,1,27945347
1,3,63604,25,886,102,2025-05-12 04:00:00,2025-05-12 08:00:00,0,3,0,0,0,27908706
2,0,25,66,763,66,2025-05-07 21:00:00,2025-05-08 02:00:00,31,4,3,0,1,27759467
1,0,186,42,973,225,2025-05-17 13:00:00,2025-05-17 16:00:00,18,1,0,0,1,27699856
2,3,12580,61,909,176,2025-05-16 09:00:00,2025-05-16 14:00:00,14,4,2,0,0,27721714
2,1,236,9,592,202,2025-05-02 09:00:00,2025-05-02 10:00:00,0,4,1,0,1,27686535
2,0,12545,5,928,188,2025-05-05 09:00:00,2025-05-05 14:00:00,31,3,1,1,0,27512019
2,2,235,35,798,142,2025-05-11 08:00:00,2025-05-11 11:00:00,0,3,3,0,1,27848693
0,2,12350,41,54,101,2025-05-08 22:00:00,2025-05-09 00:00:00,0,4,0,1,1,27403883
0,3,1,54,58,161,2025-05-11 21:00:00,2025-05-11 22:00:00,98,3,3,1,1,27765183
1,0,12306,19,776,216,2025-05-18 09:00:00,2025-05-18 11:00:00,31,4,2,0,0,27851164
0,2,12580,9,705,221,2025-05-04 01:00:00,2025-05-04 02:00:00,18,1,1,1,1,27417202
2,0,13552,10,850,60,2025-05-09 09:00:00,2025-05-09 12:00:00,0,3,3,0,1,27917457
2,0,13142,29,1053,251,2025-05-01 12:00:00,2025-05-01 15:00:00,98,0,0,1,1,27750840
1,2,2,55,566,101,2025-05-08 11:00:00,2025-05-08 16:00:00,0,0,2,1,1,27416784
1,0,187,39,1049,63,2025-05-13 15:00:00,2025-05-13 18:00:00,98,0,0,1,0,27852344
2,0,12545,10,1031,115,2025-05-10 18:00:00,2025-05-10 23:00:00,18,1,3,0,1,27437677
2,2,63604,11,623,258,2025-05-11 15:00:00,2025-05-11 20:00:00,0,3,1,0,0,27752291
0,0,299,1,233,225,2025-05-15 21:00:00,2025-05-15 22:00:00,98,4,3,0,0,27657498
1,1,25,20,56,188,2025-05-10 01:00:00,2025-05-10 05:00:00,98,0,0,0,1,27908945
0,0,63604,23,546,59,2025-05-17 07:00:00,2025-05-17 10:00:00,31,0,1,1,0,27798020
1,2,12580,59,52,167,2025-05-18 17:00:00,2025-05-18 22:00:00,31,0,2,1,0,27907605
0,1,119,19,56,202,2025-05-10 14:00:00,2025-05-10 19:00:00,0,3,2,0,1,27853245
0,0,12580,43,707,185,2025-05-04 10:00:00,2025-05-04 15:00:00,14,3,0,1,0,27629779
2,2,25,47,431,66,2025-05-05 21:00:00,2025-05-06 00:00:00,98,3,0,0,0,27932017
1,0,2,55,890,192,2025-05-06 22:00:00,2025-05-07 03:00:00,31,1,3,1,1,27577744
0,1,25,40,4,161,2025-05-20 00:00:00,2025-05-20 02:00:00,14,4,2,0,1,27690443
1,1,13552,25,945,97,2025-05-04 02:00:00,2025-05-04 06:00:00,0,0,0,0,0,27913442
1,1,236,61,444,229,2025-05-15 02:00:00,2025-05-15 07:00:00,14,0,3,0,0,27419820
1,3,13056,34,30,162,2025-05-06 11:00:00,2025-05-06 14:00:00,98,0,2,1,0,27512019
1,2,12308,29,478,60,2025-05-12 13:00:00,2025-05-12 18:00:00,0,3,3,0,0,27823499
0,1,63604,41,933,145,2025-05-09 13:00:00,2025-05-09 16:00:00,18,0,3,0,1,27770867
2,0,119,52,882,216,2025-05-09 12:00:00,2025-05-09 13:00:00,31,4,0,0,0,27802315
0,2,12956,42,907,102,2025-05-08 06:00:00,2025-05-08 10:00:00,98,4,0,1,0,27618396
2,3,236,66,126,203,2025-05-04 05:00:00,2025-05-04 08:00:00,0,1,2,1,1,27897347
1,0,13552,28,776,194,2025-05-17 12:00:00,2025-05-17 17:00:00,18,4,3,0,0,27766152
0,2,12956,63,161,61,2025-05-13 02:00:00,2025-05-13 05:00:00,98,3,2,1,1,27896588
1,1,12350,46,894,143,2025-05-08 10:00:00,2025-05-08 13:00:00,0,4,1,0,0,27759836
2,0,235,35,903,206,2025-05-18 05:00:00,2025-05-18 10:00:00,18,0,3,1,0,27506780
1,3,2,31,52,230,2025-05-09 15:00:00,2025-05-09 19:00:00,0,4,2,0,1,27678023
2,1,235,34,1054,197,2025-05-10 06:00:00,2025-05-10 08:00:00,14,4,2,1,1,27888592
0,2,4,18,546,230,2025-05-01 06:00:00,2025-05-01 10:00:00,14,3,2,1,1,27700812
0,3,236,50,546,165,2025-05-06 18:00:00,2025-05-06 23:00:00,31,4,3,0,0,27678998
0,1,13056,41,583,63,2025-05-06 22:00:00,2025-05-07 00:00:00,18,3,0,1,0,27797947
2,3,12307,14,981,228,2025-05-01 01:00:00,2025-05-01 02:00:00,98,4,2,1,0,27699627
1,3,12545,48,887,160,2025-05-12 11:00:00,2025-05-12 14:00:00,18,1,3,1,1,27894493
0,1,327,3,636,129,2025-05-01 04:00:00,2025-05-01 07:00:00,31,0,2,0,0,27894493
0,0,186,8,631,228,2025-05-14 19:00:00,2025-05-15 00:00:00,14,0,1,1,0,27428316
0,0,199,31,872,66,2025-05-12 15:00:00,2025-05-12 19:00:00,0,0,1,0,1,27894493
1,2,12308,22,985,225,2025-05-16 21:00:00,2025-05-17 00:00:00,98,1,0,0,0,27787336
1,2,63604,58,244,126,2025-05-16 23:00:00,2025-05-17 01:00:00,18,3,1,1,0,27678347
2,2,13056,23,431,229,2025-05-18 08:00:00,2025-05-18 12:00:00,18,1,3,1,0,27681123
1,2,13203,36,546,160,2025-05-18 05:00:00,2025-05-18 08:00:00,0,0,1,0,0,27760184
0,3,12544,43,379,165,2025-05-13 13:00:00,2025-05-13 16:00:00,31,4,0,0,1,27830638
2,3,12545,64,98,225,2025-05-13 07:00:00,2025-05-13 12:00:00,31,4,1,0,1,27720065
0,3,12956,52,973,209,2025-05-17 06:00:00,2025-05-17 11:00:00,18,3,0,0,0,27545011
1,1,1,38,471,103,2025-05-10 22:00:00,2025-05-11 03:00:00,14,1,2,0,1,27741434
1,3,12306,34,479,203,2025-05-03 03:00:00,2025-05-03 07:00:00,31,4,0,1,1,27508722
0,3,12544,16,930,194,2025-05-14 18:00:00,2025-05-14 20:00:00,31,4,3,0,0,27686415
1,2,63604,50,919,209,2025-05-19 17:00:00,2025-05-19 20:00:00,0,1,3,1,0,27543691
0,0,186,38,546,103,2025-05-15 14:00:00,2025-05-15 15:00:00,98,4,0,0,0,27851164
1,2,299,19,845,60,2025-05-19 20:00:00,2025-05-20 00:00:00,31,3,1,0,0,27694966
1,1,25,10,665,143,2025-05-13 23:00:00,2025-05-14 03:00:00,0,4,0,0,1,27384269
0,3,12307,47,887,145,2025-05-02 08:00:00,2025-05-02 12:00:00,31,3,0,0,0,27424557
0,1,12307,42,554,60,2025-05-12 09:00:00,2025-05-12 10:00:00,14,3,1,0,1,27728741
1,3,12580,25,593,161,2025-05-12 12:00:00,2025-05-12 14:00:00,18,4,2,1,1,27818031
2,1,12956,20,877,161,2025-05-04 17:00:00,2025-05-04 22:00:00,0,3,0,0,0,27943073
0,1,236,48,831,162,2025-05-03 14:00:00,2025-05-03 19:00:00,14,0,3,0,1,27426887
2,2,199,50,600,129,2025-05-14 23:00:00,2025-05-15 04:00:00,18,1,2,1,1,27919348
2,2,12956,3,711,103,2025-05-14 23:00:00,2025-05-15 04:00:00,0,3,2,0,0,27577744
2,1,299,29,899,51,2025-05-15 03:00:00,2025-05-15 07:00:00,98,0,2,0,1,27727586
0,0,63604,47,781,161,2025-05-01 20:00:00,2025-05-01 23:00:00,98,3,2,1,0,27767725
1,3,12306,26,930,61,2025-05-12 21:00:00,2025-05-13 00:00:00,14,3,3,1,0,27774898
2,3,299,57,888,205,2025-05-12 02:00:00,2025-05-12 05:00:00,31,3,2,1,0,27571206
2,2,4,10,895,169,2025-05-08 21:00:00,2025-05-09 02:00:00,18,1,3,0,0,27726148
0,3,25,15,957,225,2025-05-15 01:00:00,2025-05-15 02:00:00,14,0,2,0,1,27419820
0,1,12350,18,81,216,2025-05-16 22:00:00,2025-05-16 23:00:00,0,1,2,1,1,27656179
1,1,12956,43,431,102,2025-05-19 00:00:00,2025-05-19 01:00:00,0,4,3,0,1,27722706
1,2,13552,28,890,185,2025-05-10 21:00:00,2025-05-10 22:00:00,14,0,1,1,0,27856294
0,2,25,3,991,185,2025-05-13 03:00:00,2025-05-13 07:00:00,31,1,0,1,1,27689146
2,1,4,56,1016,66,2025-05-13 08:00:00,2025-05-13 09:00:00,31,0,3,0,0,27483421
0,3,2,56,315,229,2025-05-13 12:00:00,2025-05-13 16:00:00,14,4,3,1,0,27574585
2,0,13056,37,893,61,2025-05-14 10:00:00,2025-05-14 13:00:00,0,1,1,1,0,27691486
0,1,25,1,1049,209,2025-05-13 16:00:00,2025-05-13 20:00:00,14,1,1,0,0,27907444
0,2,327,41,562,230,2025-05-09 09:00:00,2025-05-09 14:00:00,98,1,2,0,0,27549608
1,1,327,19,919,101,2025-05-16 13:00:00,2025-05-16 18:00:00,0,0,0,1,1,27880416
0,2,4,22,995,198,2025-05-04 05:00:00,2025-05-04 09:00:00,14,0,0,0,0,27812930
1,1,63604,23,628,229,2025-05-17 03:00:00,2025-05-17 06:00:00,31,4,3,1,0,27424369
1,3,13056,22,63,145,2025-05-10 15:00:00,2025-05-10 19:00:00,14,3,1,1,0,27623256
1,3,236,49,712,181,2025-05-02 19:00:00,2025-05-03 00:00:00,98,3,1,1,0,27700566
2,2,13203,52,903,185,2025-05-04 04:00:00,2025-05-04 06:00:00,0,4,1,1,1,27679340
0,2,235,17,933,60,2025-05-05 06:00:00,2025-05-05 10:00:00,0,0,3,0,1,27908779
0,2,299,60,705,129,2025-05-12 03:00:00,2025-05-12 06:00:00,0,0,2,0,1,27577827
0,3,13142,41,593,51,2025-05-11 03:00:00,2025-05-11 04:00:00,14,0,3,0,1,27483421
0,2,186,22,1018,185,2025-05-15 22:00:00,2025-05-16 00:00:00,0,3,1,0,0,27789627
0,0,299,8,933,51,2025-05-03 14:00:00,2025-05-03 18:00:00,0,0,0,1,0,27860730
1,3,119,8,56,197,2025-05-05 20:00:00,2025-05-05 23:00:00,31,0,1,1,1,27908779
0,1,1,38,561,229,2025-05-09 12:00:00,2025-05-09 17:00:00,0,0,1,1,0,27754733
0,3,12350,49,332,115,2025-05-14 02:00:00,2025-05-14 06:00:00,0,4,1,0,0,27885412
0,3,4,24,877,209,2025-05-14 23:00:00,2025-05-15 01:00:00,14,3,1,1,1,27792742
0,0,299,13,323,63,2025-05-11 03:00:00,2025-05-11 05:00:00,31,1,2,1,0,27874375
0,3,186,26,996,203,2025-05-05 09:00:00,2025-05-05 14:00:00,18,4,1,0,0,27883145
0,1,25,59,165,97,2025-05-07 03:00:00,2025-05-07 05:00:00,14,3,1,0,0,27874863
0,0,4,43,721,225,2025-05-07 23:00:00,2025-05-08 01:00:00,31,1,0,0,0,27422486
1,0,4,33,1045,251,2025-05-01 05:00:00,2025-05-01 07:00:00,18,0,0,1,0,27938117
1,3,13056,27,306,258,2025-05-12 02:00:00,2025-05-12 06:00:00,14,0,1,0,1,27885495
2,0,13142,2,566,194,2025-05-03 04:00:00,2025-05-03 06:00:00,31,1,1,0,1,27933792
0,3,12307,30,916,216,2025-05-02 10:00:00,2025-05-02 15:00:00,14,4,1,1,0,27746393
2,3,13056,39,63,167,2025-05-13 06:00:00,2025-05-13 10:00:00,98,0,0,0,0,27775950
0,3,4,37,149,169,2025-05-08 06:00:00,2025-05-08 10:00:00,18,4,2,1,1,27924639
1,3,12544,30,57,205,2025-05-05 14:00:00,2025-05-05 15:00:00,31,1,1,1,0,27758471
0,0,13056,61,910,97,2025-05-05 00:00:00,2025-05-05 01:00:00,18,1,1,0,1,27821942
0,2,13552,65,52,59,2025-05-08 09:00:00,2025-05-08 13:00:00,98,3,3,1,0,27564007
2,3,299,50,977,145,2025-05-13 22:00:00,2025-05-14 03:00:00,18,4,2,1,1,27638159
2,1,13552,27,611,145,2025-05-19 15:00:00,2025-05-19 16:00:00,31,3,0,0,0,27924065
0,2,299,63,272,186,2025-05-08 10:00:00,2025-05-08 15:00:00,98,4,3,0,1,27933792
1,0,12580,60,628,51,2025-05-18 05:00:00,2025-05-18 07:00:00,0,3,1,1,0,27727854
0,1,327,10,658,185,2025-05-11 15:00:00,2025-05-11 17:00:00,0,0,1,0,1,27817429
0,3,119,15,566,188,2025-05-02 17:00:00,2025-05-02 19:00:00,14,1,0,1,1,27822409
2,1,12580,29,339,203,2025-05-06 10:00:00,2025-05-06 15:00:00,14,0,0,1,0,27690443
0,0,12956,18,985,160,2025-05-13 15:00:00,2025-05-13 17:00:00,98,4,0,1,1,27463838
0,3,12350,8,916,258,2025-05-17 00:00:00,2025-05-17 03:00:00,98,1,2,1,0,27747001
1,0,12307,58,1058,258,2025-05-05 03:00:00,2025-05-05 04:00:00,31,1,0,0,1,27759517
1,2,119,20,250,63,2025-05-07 01:00:00,2025-05-07 03:00:00,31,0,3,0,0,27942328
2,1,12307,9,1031,65,2025-05-01 17:00:00,2025-05-01 22:00:00,14,1,1,1,1,27483421
0,2,12545,13,444,101,2025-05-01 00:00:00,2025-05-01 01:00:00,98,1,2,1,0,27737908
0,0,299,20,1016,186,2025-05-06 13:00:00,2025-05-06 15:00:00,31,0,0,1,0,27918132
2,2,13203,8,796,225,2025-05-18 02:00:00,2025-05-18 06:00:00,14,0,3,0,1,27679340
0,0,12956,59,56,192,2025-05-10 20:00:00,2025-05-10 23:00:00,31,3,3,0,1,27426834
0,2,236,18,593,202,2025-05-11 13:00:00,2025-05-11 15:00:00,98,0,1,0,0,27682223
0,2,12956,27,851,205,2025-05-05 12:00:00,2025-05-05 16:00:00,0,3,2,0,1,27888592
0,1,13142,30,332,198,2025-05-03 09:00:00,2025-05-03 12:00:00,98,0,2,1,1,27433457
1,1,25,1,832,216,2025-05-07 17:00:00,2025-05-07 20:00:00,18,4,2,1,1,27549608
0,2,235,48,782,62,2025-05-15 04:00:00,2025-05-15 06:00:00,31,1,1,0,0,27416268
1,1,12544,66,889,216,2025-05-14 07:00:00,2025-05-14 08:00:00,18,3,2,1,1,27419820
2,0,13142,11,931,205,2025-05-15 08:00:00,2025-05-15 12:00:00,0,4,3,1,0,27919348
1,0,187,23,1031,169,2025-05-04 03:00:00,2025-05-04 07:00:00,98,1,3,1,1,27822409
0,1,12308,60,382,65,2025-05-04 19:00:00,2025-05-04 21:00:00,31,0,3,1,1,27807853
1,2,236,14,791,203,2025-05-10 03:00:00,2025-05-10 08:00:00,31,3,1,0,0,27679730
0,0,25,32,799,167,2025-05-08 20:00:00,2025-05-09 00:00:00,18,3,1,1,1,27871915
1,1,13552,16,63,61,2025-05-16 15:00:00,2025-05-16 19:00:00,14,3,1,0,0,27427841
1,3,235,32,180,192,2025-05-08 09:00:00,2025-05-08 14:00:00,31,4,1,0,1,27618396
0,2,12350,32,627,192,2025-05-10 09:00:00,2025-05-10 10:00:00,0,1,2,1,0,27608444
1,1,324,57,889,165,2025-05-05 13:00:00,2025-05-05 14:00:00,31,4,2,0,0,27944501
2,1,12306,47,560,65,2025-05-10 10:00:00,2025-05-10 15:00:00,31,0,3,1,1,27733479
2,2,12306,41,904,160,2025-05-02 01:00:00,2025-05-02 05:00:00,31,1,3,0,0,27543618
2,0,12580,25,890,208,2025-05-07 08:00:00,2025-05-07 12:00:00,31,4,3,1,1,27418341
1,1,199,36,795,145,2025-05-10 03:00:00,2025-05-10 06:00:00,98,4,3,1,1,27811222
2,0,12545,15,899,61,2025-05-09 19:00:00,2025-05-09 23:00:00,98,3,3,0,1,27431888
0,1,199,43,711,232,2025-05-07 03:00:00,2025-05-07 04:00:00,31,3,2,1,0,27622318
1,2,25,65,322,186,2025-05-02 10:00:00,2025-05-02 12:00:00,0,3,1,1,0,27722706
2,1,12307,61,57,194,2025-05-06 14:00:00,2025-05-06 15:00:00,31,3,3,1,0,27939340
2,0,1,41,4,205,2025-05-12 17:00:00,2025-05-12 22:00:00,31,3,1,0,0,27704311
2,3,13552,22,912,167,2025-05-19 07:00:00,2025-05-19 10:00:00,14,0,1,1,0,27546105
2,2,12545,8,44,126,2025-05-16 06:00:00,2025-05-16 09:00:00,98,0,3,1,0,27727991
0,3,12307,56,1044,205,2025-05-12 16:00:00,2025-05-12 21:00:00,14,4,0,1,1,27854327
2,1,12580,40,234,97,2025-05-02 12:00:00,2025-05-02 13:00:00,18,1,3,1,1,27879844
1,1,12350,43,897,62,2025-05-08 21:00:00,2025-05-08 23:00:00,0,3,1,0,0,27632659
0,2,119,13,583,63,2025-05-11 11:00:00,2025-05-11 12:00:00,14,3,3,0,1,27727991
1,1,12350,2,782,209,2025-05-19 03:00:00,2025-05-19 04:00:00,98,4,2,1,0,27577827
2,1,25,36,306,62,2025-05-07 17:00:00,2025-05-07 18:00:00,14,1,2,0,1,27812340
1,1,1,15,234,221,2025-05-01 21:00:00,2025-05-01 22:00:00,0,3,2,1,0,27918132
2,2,187,43,4,60,2025-05-07 13:00:00,2025-05-07 18:00:00,18,4,0,0,1,27391760
0,1,2,1,364,51,2025-05-19 06:00:00,2025-05-19 08:00:00,31,0,2,1,1,27678347
0,1,324,42,871,258,2025-05-02 00:00:00,2025-05-02 05:00:00,0,4,0,1,1,27577905
1,2,12350,41,893,66,2025-05-06 13:00:00,2025-05-06 18:00:00,0,3,3,1,0,27695057
0,3,1,43,721,62,2025-05-16 10:00:00,2025-05-16 13:00:00,18,0,3,1,1,27749871
1,1,12580,33,928,198,2025-05-08 07:00:00,2025-05-08 11:00:00,18,3,2,1,0,27433457
2,3,299,50,845,185,2025-05-03 07:00:00,2025-05-03 12:00:00,18,0,2,1,1,27807821
1,2,25,5,583,162,2025-05-17 15:00:00,2025-05-17 20:00:00,14,1,3,1,1,27853407
2,1,13142,61,600,145,2025-05-19 07:00:00,2025-05-19 12:00:00,18,3,1,1,0,27569608
2,2,13056,60,545,194,2025-05-03 05:00:00,2025-05-03 10:00:00,98,1,1,1,0,27424681
0,2,2,5,933,103,2025-05-07 02:00:00,2025-05-07 05:00:00,31,3,2,0,0,27694935
2,1,2,19,63,51,2025-05-15 00:00:00,2025-05-15 02:00:00,98,4,2,0,0,27853989
2,2,25,58,665,101,2025-05-18 12:00:00,2025-05-18 14:00:00,98,3,2,1,1,27929541
0,2,299,44,118,160,2025-05-10 22:00:00,2025-05-11 01:00:00,14,1,2,0,0,27686415
0,2,324,18,686,143,2025-05-07 04:00:00,2025-05-07 06:00:00,14,4,0,1,1,27611342
0,2,327,29,165,216,2025-05-05 23:00:00,2025-05-06 01:00:00,18,4,2,0,0,27821935
0,0,13056,33,945,229,2025-05-10 16:00:00,2025-05-10 19:00:00,98,0,2,0,1,27871972
2,1,235,39,1048,103,2025-05-13 07:00:00,2025-05-13 10:00:00,18,3,1,0,1,27623256
0,1,327,52,471,206,2025-05-12 10:00:00,2025-05-12 14:00:00,31,1,0,1,1,27630059
0,1,12956,25,931,251,2025-05-04 19:00:00,2025-05-04 21:00:00,0,3,3,1,0,27417202
0,0,13142,3,511,142,2025-05-12 03:00:00,2025-05-12 04:00:00,0,1,2,1,0,27912107
1,1,119,66,763,202,2025-05-13 17:00:00,2025-05-13 20:00:00,0,0,2,1,1,27690443
1,3,12544,19,29,194,2025-05-05 05:00:00,2025-05-05 07:00:00,18,1,2,0,1,27917629
1,1,13552,50,783,51,2025-05-13 03:00:00,2025-05-13 07:00:00,0,4,3,1,1,27678998
1,2,187,20,101,176,2025-05-11 00:00:00,2025-05-11 01:00:00,31,3,3,1,0,27416488
1,1,2,66,1018,162,2025-05-03 20:00:00,2025-05-04 00:00:00,14,3,3,1,0,27906639
2,1,119,10,500,102,2025-05-12 05:00:00,2025-05-12 09:00:00,14,1,3,0,1,27700566
0,3,12306,49,126,203,2025-05-09 19:00:00,2025-05-10 00:00:00,31,4,1,0,0,27690443
0,3,25,54,796,61,2025-05-14 05:00:00,2025-05-14 09:00:00,18,0,3,1,0,27726475
2,1,13142,16,44,167,2025-05-11 08:00:00,2025-05-11 11:00:00,18,0,1,1,0,27874176
0,2,299,27,712,197,2025-05-15 07:00:00,2025-05-15 08:00:00,31,0,0,0,1,27678998
1,3,13552,48,126,229,2025-05-18 02:00:00,2025-05-18 07:00:00,18,3,0,1,0,27743525
1,2,12545,32,991,203,2025-05-16 01:00:00,2025-05-16 05:00:00,14,3,3,0,0,27492007
0,2,199,63,991,208,2025-05-12 04:00:00,2025-05-12 05:00:00,0,0,0,0,0,27421833
2,1,199,1,898,167,2025-05-12 18:00:00,2025-05-12 20:00:00,31,3,3,1,1,27743525
0,1,187,37,339,228,2025-05-01 02:00:00,2025-05-01 03:00:00,98,4,2,0,1,27890885
0,1,12306,33,928,188,2025-05-13 04:00:00,2025-05-13 09:00:00,0,4,1,1,1,27416081
2,2,13056,59,957,209,2025-05-03 03:00:00,2025-05-03 05:00:00,0,0,1,0,0,27794968
0,1,12580,52,721,258,2025-05-18 06:00:00,2025-05-18 07:00:00,14,4,2,0,1,27822460
0,0,12308,33,161,167,2025-05-08 12:00:00,2025-05-08 13:00:00,31,1,2,1,0,27933792
0,1,4,47,234,230,2025-05-04 05:00:00,2025-05-04 07:00:00,14,0,2,1,1,27706564
2,1,12545,60,580,51,2025-05-17 04:00:00,2025-05-17 09:00:00,98,3,2,0,1,27531324
1,3,12545,17,159,101,2025-05-08 01:00:00,2025-05-08 04:00:00,31,4,0,1,1,27466904
0,2,12350,3,534,216,2025-05-10 16:00:00,2025-05-10 19:00:00,18,4,2,0,1,27806957
0,0,299,31,841,62,2025-05-04 01:00:00,2025-05-04 02:00:00,14,1,1,1,1,27745016
2,2,2,54,798,203,2025-05-14 11:00:00,2025-05-14 15:00:00,31,3,2,1,0,27629779
2,0,187,17,566,165,2025-05-14 05:00:00,2025-05-14 06:00:00,18,4,1,0,0,27918132
2,2,4,59,1040,258,2025-05-17 23:00:00,2025-05-18 01:00:00,31,4,3,1,1,27873891
2,3,13552,36,364,167,2025-05-03 14:00:00,2025-05-03 17:00:00,31,4,1,1,1,27908779
0,3,12956,65,306,225,2025-05-16 07:00:00,2025-05-16 12:00:00,14,4,0,1,1,27407530
0,0,236,28,707,167,2025-05-15 14:00:00,2025-05-15 17:00:00,14,4,0,1,1,27853245
0,3,12544,40,161,60,2025-05-13 02:00:00,2025-05-13 05:00:00,18,0,0,1,1,27577827
2,1,187,23,782,126,2025-05-16 00:00:00,2025-05-16 04:00:00,98,0,2,1,1,27705903
0,3,13203,66,72,103,2025-05-08 02:00:00,2025-05-08 05:00:00,0,0,2,1,0,27543691
1,2,324,66,339,202,2025-05-19 09:00:00,2025-05-19 10:00:00,31,0,2,0,1,27774898
2,1,236,35,29,63,2025-05-08 09:00:00,2025-05-08 10:00:00,98,3,3,1,0,27737908
2,1,12307,44,845,97,2025-05-16 08:00:00,2025-05-16 09:00:00,0,4,0,1,0,27418341
1,2,13552,62,52,169,2025-05-18 11:00:00,2025-05-18 13:00:00,14,3,3,0,1,27908779
2,1,13203,51,973,185,2025-05-14 16:00:00,2025-05-14 21:00:00,18,0,1,1,0,27791943
2,1,327,66,928,198,2025-05-11 21:00:00,2025-05-12 01:00:00,0,0,2,1,0,27913282
0,1,299,59,250,169,2025-05-10 20:00:00,2025-05-10 21:00:00,0,0,3,1,0,27817303
1,3,236,55,118,115,2025-05-06 16:00:00,2025-05-06 17:00:00,14,0,2,0,1,27483421
0,2,12308,18,847,59,2025-05-13 02:00:00,2025-05-13 03:00:00,18,1,0,0,1,27714890
1,2,13056,58,831,102,2025-05-15 01:00:00,2025-05-15 06:00:00,98,4,1,0,0,27775950
0,3,12544,36,969,51,2025-05-18 04:00:00,2025-05-18 06:00:00,0,0,1,0,1,27919348
2,1,1,64,981,186,2025-05-07 08:00:00,2025-05-07 13:00:00,31,0,0,1,0,27394692
1,3,13056,55,912,203,2025-05-16 00:00:00,2025-05-16 02:00:00,98,4,1,1,0,27830638
2,2,13203,31,894,194,2025-05-18 12:00:00,2025-05-18 15:00:00,31,0,2,0,1,27416784
1,0,12308,40,479,181,2025-05-08 17:00:00,2025-05-08 22:00:00,14,4,3,0,0,27736309
1,3,13142,25,798,207,2025-05-16 16:00:00,2025-05-16 20:00:00,0,4,0,1,1,27886728
1,3,2,3,11,188,2025-05-05 01:00:00,2025-05-05 02:00:00,31,4,0,1,0,27448050
1,3,1,24,316,101,2025-05-13 15:00:00,2025-05-13 17:00:00,14,1,0,1,0,27692378
1,2,13552,26,72,230,2025-05-07 02:00:00,2025-05-07 05:00:00,18,4,3,1,0,27943620
2,2,187,60,234,228,2025-05-02 18:00:00,2025-05-02 22:00:00,98,1,2,0,1,27428316
2,1,25,26,379,129,2025-05-06 08:00:00,2025-05-06 11:00:00,0,1,0,1,1,27816326
2,2,12308,4,159,61,2025-05-19 11:00:00,2025-05-19 15:00:00,18,4,1,0,1,27766152
2,0,4,18,1053,232,2025-05-19 02:00:00,2025-05-19 06:00:00,98,4,2,0,0,27749118
2,1,186,17,561,228,2025-05-05 14:00:00,2025-05-05 17:00:00,14,3,1,0,1,27723826
2,3,12580,64,643,115,2025-05-10 07:00:00,2025-05-10 09:00:00,18,0,1,0,1,27913282
0,2,236,53,763,221,2025-05-09 22:00:00,2025-05-10 00:00:00,31,4,1,0,0,27730065
1,3,199,55,831,258,2025-05-08 09:00:00,2025-05-08 11:00:00,98,4,3,0,1,27860238
2,3,187,39,893,207,2025-05-14 10:00:00,2025-05-14 11:00:00,14,3,3,1,0,27524376
0,1,12308,31,68,145,2025-05-01 18:00:00,2025-05-01 22:00:00,31,1,0,0,1,27821942
1,1,12545,52,851,62,2025-05-09 01:00:00,2025-05-09 05:00:00,0,1,3,0,1,27860238
1,2,25,27,841,205,2025-05-02 20:00:00,2025-05-03 01:00:00,14,1,2,0,0,27703708
0,3,13552,63,919,97,2025-05-04 20:00:00,2025-05-04 21:00:00,31,0,2,1,0,27699627
1,2,12306,11,912,143,2025-05-19 20:00:00,2025-05-19 22:00:00,0,1,2,0,0,27569608
2,0,12308,36,628,192,2025-05-04 07:00:00,2025-05-04 12:00:00,0,3,1,1,1,27783056
0,1,13203,3,989,66,2025-05-03 19:00:00,2025-05-03 22:00:00,18,1,1,1,0,27741434
2,0,12307,23,27,145,2025-05-01 06:00:00,2025-05-01 09:00:00,18,4,1,1,0,27687821
0,3,186,5,871,129,2025-05-12 19:00:00,2025-05-12 23:00:00,0,3,2,0,0,27837575
1,3,13142,34,918,192,2025-05-04 06:00:00,2025-05-04 09:00:00,31,3,1,1,1,27722706
1,2,236,64,58,221,2025-05-02 06:00:00,2025-05-02 11:00:00,18,0,3,0,0,27826763
2,3,187,48,569,203,2025-05-10 11:00:00,2025-05-10 16:00:00,98,3,0,0,0,27486226
1,3,12956,30,871,51,2025-05-04 06:00:00,2025-05-04 08:00:00,31,4,2,1,1,27860958
1,3,12306,5,322,188,2025-05-14 00:00:00,2025-05-14 01:00:00,14,3,3,1,0,27721714
2,1,12307,28,583,97,2025-05-16 21:00:00,2025-05-17 00:00:00,0,0,2,1,1,27871176
1,0,187,51,631,225,2025-05-19 13:00:00,2025-05-19 18:00:00,31,1,1,1,0,27681117
2,1,235,55,1028,160,2025-05-11 10:00:00,2025-05-11 15:00:00,98,4,0,1,1,27917457
1,3,12956,49,627,208,2025-05-11 15:00:00,2025-05-11 20:00:00,31,0,1,0,1,27805890
0,1,236,34,293,188,2025-05-14 10:00:00,2025-05-14 15:00:00,0,1,2,1,0,27812930
2,3,2,42,895,232,2025-05-04 08:00:00,2025-05-04 12:00:00,14,3,0,1,1,27743743
0,1,2,51,471,228,2025-05-03 00:00:00,2025-05-03 03:00:00,18,0,2,1,1,27845575
1,0,119,65,58,63,2025-05-02 00:00:00,2025-05-02 05:00:00,18,4,3,1,1,27686535
1,2,13142,35,515,205,2025-05-08 23:00:00,2025-05-09 02:00:00,18,1,2,0,1,27938117
1,1,299,27,126,142,2025-05-18 07:00:00,2025-05-18 09:00:00,0,4,2,1,1,27890823
1,1,186,2,762,185,2025-05-12 00:00:00,2025-05-12 03:00:00,31,3,0,0,0,27834872
0,1,12350,59,916,198,2025-05-14 09:00:00,2025-05-14 14:00:00,14,4,3,0,0,27932831
1,3,12544,19,233,62,2025-05-02 15:00:00,2025-05-02 18:00:00,98,1,0,0,0,27851164
1,2,4,8,444,192,2025-05-08 12:00:00,2025-05-08 17:00:00,0,3,0,0,0,27881012
0,3,187,32,910,207,2025-05-08 14:00:00,2025-05-08 15:00:00,14,0,0,1,0,27741912
1,1,12544,0,1040,160,2025-05-19 14:00:00,2025-05-19 15:00:00,0,0,2,1,0,27482387
2,2,187,55,707,192,2025-05-07 10:00:00,2025-05-07 14:00:00,0,0,1,1,1,27727854
1,3,12308,14,851,206,2025-05-17 22:00:00,2025-05-17 23:00:00,18,0,2,0,0,27626988
1,0,12544,0,118,66,2025-05-07 23:00:00,2025-05-08 00:00:00,0,4,2,0,0,27416081
2,2,12307,40,894,126,2025-05-04 00:00:00,2025-05-04 04:00:00,0,3,2,0,1,27916156
2,3,12306,20,899,143,2025-05-06 07:00:00,2025-05-06 09:00:00,98,4,3,0,0,27945347
2,0,12308,58,965,198,2025-05-14 23:00:00,2025-05-15 00:00:00,98,3,2,0,0,27777885
2,2,236,2,11,221,2025-05-17 02:00:00,2025-05-17 07:00:00,18,3,3,1,0,27943620
0,1,187,30,776,188,2025-05-06 17:00:00,2025-05-06 22:00:00,18,4,1,0,1,27801069
1,3,12350,65,272,192,2025-05-09 04:00:00,2025-05-09 07:00:00,14,0,1,0,0,27878828
2,0,25,33,1044,145,2025-05-18 22:00:00,2025-05-19 03:00:00,14,1,3,0,1,27933792
1,1,12544,49,898,63,2025-05-07 08:00:00,2025-05-07 09:00:00,18,3,1,1,1,27508722
1,3,187,55,899,167,2025-05-01 13:00:00,2025-05-01 14:00:00,0,4,0,1,0,27912166
1,3,63604,35,985,221,2025-05-13 00:00:00,2025-05-13 04:00:00,14,4,3,1,1,27578031
0,3,12545,51,1006,228,2025-05-04 09:00:00,2025-05-04 13:00:00,14,0,0,0,0,27907605
2,1,324,42,832,101,2025-05-17 21:00:00,2025-05-17 23:00:00,31,0,2,0,1,27638159
0,2,12545,57,323,63,2025-05-16 11:00:00,2025-05-16 13:00:00,31,1,0,0,1,27754733
2,2,13552,2,29,97,2025-05-02 04:00:00,2025-05-02 08:00:00,31,0,2,0,1,27750840
0,1,12580,13,593,229,2025-05-05 12:00:00,2025-05-05 16:00:00,14,3,3,1,1,27903741
2,1,187,59,934,165,2025-05-02 16:00:00,2025-05-02 18:00:00,14,0,0,1,0,27725137
2,1,236,44,58,102,2025-05-16 03:00:00,2025-05-16 07:00:00,18,1,3,0,0,27711696
2,0,327,11,989,62,2025-05-02 21:00:00,2025-05-02 22:00:00,0,4,2,0,0,27632664
0,0,327,15,995,65,2025-05-13 04:00:00,2025-05-13 07:00:00,0,0,1,1,0,27883145
0,1,4,8,323,62,2025-05-17 08:00:00,2025-05-17 13:00:00,31,3,1,1,0,27906818
2,1,13056,42,699,129,2025-05-06 06:00:00,2025-05-06 11:00:00,98,3,2,0,1,27428316
1,1,12956,61,1044,251,2025-05-16 05:00:00,2025-05-16 06:00:00,0,0,1,1,0,27428316
2,0,13142,28,886,208,2025-05-10 21:00:00,2025-05-10 22:00:00,18,3,1,0,1,27695688
1,2,12306,4,699,65,2025-05-17 11:00:00,2025-05-17 13:00:00,18,3,3,1,1,27492007
2,3,327,16,4,229,2025-05-12 11:00:00,2025-05-12 12:00:00,14,4,3,0,0,27611342
1,1,12544,41,957,206,2025-05-11 17:00:00,2025-05-11 19:00:00,31,3,3,1,1,27784441
0,1,235,31,887,202,2025-05-15 12:00:00,2025-05-15 15:00:00,31,1,1,1,0,27794968
2,1,13552,50,945,216,2025-05-04 18:00:00,2025-05-04 23:00:00,98,1,0,1,0,27817026
2,0,327,11,892,161,2025-05-09 11:00:00,2025-05-09 12:00:00,0,0,2,1,1,27771682
0,1,12350,8,162,169,2025-05-15 08:00:00,2025-05-15 12:00:00,98,3,1,1,1,27547740
1,0,12350,28,592,232,2025-05-14 07:00:00,2025-05-14 10:00:00,31,4,1,0,1,27758471
2,0,2,25,11,209,2025-05-02 18:00:00,2025-05-02 21:00:00,31,1,1,0,1,27524376
0,3,25,31,81,216,2025-05-18 03:00:00,2025-05-18 06:00:00,31,3,1,1,1,27492050
2,1,13056,37,56,160,2025-05-17 03:00:00,2025-05-17 08:00:00,14,1,2,1,1,27632659
2,2,186,53,233,61,2025-05-15 23:00:00,2025-05-16 04:00:00,0,4,1,1,0,27709230
0,1,199,37,781,167,2025-05-12 08:00:00,2025-05-12 13:00:00,18,0,1,1,1,27932752
0,1,186,35,872,103,2025-05-05 18:00:00,2025-05-05 22:00:00,18,1,0,0,0,27741448
0,3,12307,46,915,66,2025-05-09 21:00:00,2025-05-10 02:00:00,98,4,1,1,0,27850395
0,2,299,23,699,188,2025-05-10 20:00:00,2025-05-10 22:00:00,18,4,3,0,1,27545446
1,0,2,28,165,167,2025-05-12 15:00:00,2025-05-12 20:00:00,31,1,3,0,0,27482387
1,3,13056,1,850,181,2025-05-05 00:00:00,2025-05-05 05:00:00,14,1,2,0,1,27482387
0,2,12545,54,67,51,2025-05-01 21:00:00,2025-05-02 02:00:00,31,0,0,0,0,27427841
1,2,186,35,379,198,2025-05-12 12:00:00,2025-05-12 15:00:00,0,4,2,1,0,27745016
1,3,324,28,1028,216,2025-05-07 23:00:00,2025-05-08 02:00:00,98,3,2,0,1,27873891
2,3,236,51,1031,160,2025-05-06 21:00:00,2025-05-06 23:00:00,31,0,3,0,1,27772066
2,2,186,64,636,209,2025-05-04 00:00:00,2025-05-04 02:00:00,0,4,1,1,0,27700812
1,3,12306,14,72,181,2025-05-10 01:00:00,2025-05-10 06:00:00,14,0,2,0,1,27801069
2,3,1,53,928,203,2025-05-05 08:00:00,2025-05-05 12:00:00,18,4,2,1,1,27638159
0,3,236,11,621,194,2025-05-08 09:00:00,2025-05-08 12:00:00,14,1,3,0,0,27810318
1,2,12956,63,841,181,2025-05-14 15:00:00,2025-05-14 16:00:00,0,3,3,1,0,27687821
2,0,63604,51,431,181,2025-05-04 04:00:00,2025-05-04 08:00:00,98,0,1,0,1,27782494
0,3,236,23,1018,185,2025-05-08 05:00:00,2025-05-08 10:00:00,14,4,3,1,1,27632659
2,2,199,2,899,185,2025-05-12 00:00:00,2025-05-12 03:00:00,31,1,3,1,0,27926955
2,1,13203,10,569,258,2025-05-13 22:00:00,2025-05-14 03:00:00,18,4,2,0,0,27714890
1,3,12306,1,851,161,2025-05-19 01:00:00,2025-05-19 06:00:00,14,3,3,0,0,27801069
1,2,236,59,473,165,2025-05-07 03:00:00,2025-05-07 04:00:00,18,0,2,1,1,27907605
1,2,327,58,283,169,2025-05-18 11:00:00,2025-05-18 16:00:00,18,0,1,0,1,27840773
2,2,12580,26,886,169,2025-05-18 21:00:00,2025-05-19 00:00:00,31,3,3,0,1,27816326
0,2,327,13,473,97,2025-05-05 16:00:00,2025-05-05 18:00:00,14,0,2,0,1,27678347
1,1,186,11,600,207,2025-05-01 02:00:00,2025-05-01 07:00:00,18,3,3,0,1,27894493
1,1,12544,37,1040,97,2025-05-12 05:00:00,2025-05-12 10:00:00,0,3,0,0,1,27415621
0,1,4,37,698,97,2025-05-15 04:00:00,2025-05-15 09:00:00,98,0,2,1,1,27935221
0,3,4,28,627,169,2025-05-15 08:00:00,2025-05-15 09:00:00,31,3,3,0,1,27786382
1,2,199,39,981,161,2025-05-14 11:00:00,2025-05-14 13:00:00,0,0,0,1,1,27878828
1,0,12306,47,118,197,2025-05-12 16:00:00,2025-05-12 18:00:00,14,4,3,1,0,27651322
1,2,12307,28,941,59,2025-05-01 04:00:00,2025-05-01 09:00:00,18,3,3,1,0,27827476
2,2,119,34,965,66,2025-05-09 05:00:00,2025-05-09 08:00:00,98,3,2,1,1,27918132
2,3,2,1,862,61,2025-05-05 22:00:00,2025-05-06 03:00:00,0,4,1,1,0,27626988
1,2,199,37,621,129,2025-05-08 18:00:00,2025-05-08 19:00:00,18,4,1,1,1,27786382
0,0,13142,51,799,160,2025-05-19 08:00:00,2025-05-19 11:00:00,0,0,2,1,1,27727854
2,0,13056,63,899,169,2025-05-15 04:00:00,2025-05-15 09:00:00,0,0,3,0,0,27924639
2,0,25,3,283,228,2025-05-05 08:00:00,2025-05-05 11:00:00,18,3,1,0,0,27421833
2,2,13552,65,1058,60,2025-05-12 21:00:00,2025-05-13 01:00:00,18,4,2,0,1,27918132
0,0,235,31,379,192,2025-05-07 13:00:00,2025-05-07 16:00:00,98,1,1,0,0,27361812
0,0,299,25,69,97,2025-05-09 03:00:00,2025-05-09 08:00:00,14,1,3,1,0,27448052
1,0,2,34,130,228,2025-05-02 20:00:00,2025-05-02 21:00:00,14,3,3,1,0,27920476
1,3,25,22,832,51,2025-05-07 06:00:00,2025-05-07 08:00:00,18,4,1,0,0,27725137
0,3,63604,32,918,258,2025-05-05 23:00:00,2025-05-06 00:00:00,98,3,1,0,0,27727586
2,1,12545,66,1044,197,2025-05-09 22:00:00,2025-05-10 01:00:00,0,3,3,0,0,27488419
1,1,236,55,1049,145,2025-05-11 18:00:00,2025-05-11 19:00:00,0,1,1,0,0,27736309
2,3,1,27,81,162,2025-05-01 22:00:00,2025-05-02 02:00:00,14,4,2,0,0,27546105
0,2,324,30,101,198,2025-05-15 22:00:00,2025-05-15 23:00:00,14,3,1,0,1,27546105
2,2,13552,27,795,208,2025-05-02 23:00:00,2025-05-03 01:00:00,31,3,2,0,0,27636895
1,2,187,66,1054,206,2025-05-07 05:00:00,2025-05-07 10:00:00,98,3,1,1,0,27907605
0,1,25,22,130,198,2025-05-09 14:00:00,2025-05-09 16:00:00,98,4,1,0,1,27853407
1,0,63604,3,44,167,2025-05-16 13:00:00,2025-05-16 15:00:00,98,4,3,0,1,27577744
1,0,13552,42,1039,188,2025-05-11 01:00:00,2025-05-11 06:00:00,14,1,3,1,0,27605393
2,2,2,60,81,209,2025-05-07 00:00:00,2025-05-07 03:00:00,98,1,2,0,1,27886728
1,3,13203,43,118,216,2025-05-05 17:00:00,2025-05-05 19:00:00,18,0,3,0,1,27917457
2,1,327,34,250,216,2025-05-11 23:00:00,2025-05-12 04:00:00,0,4,1,0,0,27944501
2,1,299,3,711,229,2025-05-19 05:00:00,2025-05-19 06:00:00,98,0,2,0,1,27907605
1,2,13552,17,233,59,2025-05-02 03:00:00,2025-05-02 07:00:00,14,0,0,0,0,27545746
0,1,63604,3,889,160,2025-05-08 22:00:00,2025-05-08 23:00:00,0,0,2,1,1,27903421
2,1,12306,19,996,142,2025-05-04 14:00:00,2025-05-04 19:00:00,0,3,0,0,0,27854241
2,1,25,60,628,176,2025-05-09 01:00:00,2025-05-09 02:00:00,98,4,2,1,0,27424683
1,0,63604,43,516,216,2025-05-09 07:00:00,2025-05-09 10:00:00,0,0,2,0,0,27620921
0,2,13056,46,242,62,2025-05-18 16:00:00,2025-05-18 17:00:00,31,4,0,1,1,27906227
1,1,236,54,534,208,2025-05-02 11:00:00,2025-05-02 14:00:00,0,4,1,1,1,27407530
0,0,235,39,643,142,2025-05-15 05:00:00,2025-05-15 08:00:00,98,1,3,0,1,27913435
2,2,4,62,49,51,2025-05-02 06:00:00,2025-05-02 08:00:00,18,3,0,0,0,27492013
1,1,235,37,919,203,2025-05-05 17:00:00,2025-05-05 18:00:00,98,1,3,0,0,27822409
2,3,13203,51,98,205,2025-05-15 00:00:00,2025-05-15 05:00:00,31,0,0,0,0,27906639
0,1,327,58,1040,205,2025-05-09 13:00:00,2025-05-09 16:00:00,98,1,3,1,0,27878430
2,1,12544,49,72,216,2025-05-09 17:00:00,2025-05-09 20:00:00,0,4,1,1,1,27698448
2,2,235,30,628,232,2025-05-17 08:00:00,2025-05-17 13:00:00,98,4,1,1,0,27888678
2,0,12544,36,234,192,2025-05-01 18:00:00,2025-05-01 22:00:00,0,4,2,1,0,27821942
2,1,12350,13,636,197,2025-05-01 07:00:00,2025-05-01 12:00:00,31,0,2,1,1,27692378
2,3,12956,30,1039,208,2025-05-10 03:00:00,2025-05-10 05:00:00,14,1,0,1,1,27463860
0,1,13552,47,44,115,2025-05-03 02:00:00,2025-05-03 04:00:00,14,4,2,0,0,27945347
0,0,324,64,945,230,2025-05-14 15:00:00,2025-05-14 19:00:00,98,4,1,0,1,27938176
2,1,199,56,916,192,2025-05-13 04:00:00,2025-05-13 07:00:00,14,3,0,1,0,27749871
1,1,13552,1,931,51,2025-05-15 11:00:00,2025-05-15 14:00:00,18,3,2,1,0,27427841
0,2,299,32,272,169,2025-05-15 05:00:00,2025-05-15 09:00:00,98,1,0,0,0,27760812
1,1,12545,57,850,207,2025-05-15 09:00:00,2025-05-15 10:00:00,98,1,2,0,1,27903421
2,1,199,10,293,197,2025-05-02 12:00:00,2025-05-02 15:00:00,98,1,0,1,1,27907605
0,2,12306,10,306,97,2025-05-16 03:00:00,2025-05-16 07:00:00,98,0,2,1,0,27936377
0,0,299,0,600,216,2025-05-03 15:00:00,2025-05-03 17:00:00,0,4,2,0,0,27415621
0,0,119,55,917,205,2025-05-11 19:00:00,2025-05-11 21:00:00,14,1,3,1,0,27801069
0,3,324,3,658,216,2025-05-16 00:00:00,2025-05-16 03:00:00,14,4,1,1,0,27770867
1,0,2,49,29,207,2025-05-04 05:00:00,2025-05-04 10:00:00,18,3,2,0,0,27691486
1,1,63604,44,782,221,2025-05-07 18:00:00,2025-05-07 19:00:00,14,0,2,1,0,27807448
1,2,12306,48,1028,203,2025-05-08 01:00:00,2025-05-08 05:00:00,18,1,3,0,0,27508722
2,2,12545,57,161,145,2025-05-10 10:00:00,2025-05-10 14:00:00,14,4,3,1,0,27385625
1,2,236,50,69,102,2025-05-16 02:00:00,2025-05-16 05:00:00,98,1,3,1,0,27850395
2,3,13142,54,69,101,2025-05-13 11:00:00,2025-05-13 13:00:00,14,1,0,1,1,27787712
1,1,12580,33,957,115,2025-05-11 09:00:00,2025-05-11 11:00:00,98,3,3,1,1,27903440
0,3,1,52,930,62,2025-05-07 07:00:00,2025-05-07 08:00:00,98,3,3,1,0,27856294
1,1,119,49,1045,176,2025-05-14 03:00:00,2025-05-14 05:00:00,0,4,0,1,0,27682223
1,1,12350,28,912,103,2025-05-15 16:00:00,2025-05-15 18:00:00,98,1,0,1,1,27492050
2,1,12350,24,1038,143,2025-05-14 06:00:00,2025-05-14 11:00:00,31,1,2,1,0,27448052
1,1,4,15,903,192,2025-05-14 22:00:00,2025-05-15 02:00:00,14,3,0,1,0,27890070
2,2,186,19,159,203,2025-05-14 01:00:00,2025-05-14 04:00:00,31,3,2,1,1,27818031
1,2,199,42,332,186,2025-05-12 02:00:00,2025-05-12 04:00:00,18,4,3,0,0,27884619
0,3,119,66,877,62,2025-05-06 04:00:00,2025-05-06 06:00:00,31,0,0,0,0,27703708
2,1,1,61,479,102,2025-05-14 11:00:00,2025-05-14 12:00:00,31,1,0,0,0,27530726
2,0,186,50,991,229,2025-05-14 15:00:00,2025-05-14 19:00:00,0,3,2,1,0,27422486
1,1,119,4,791,103,2025-05-02 00:00:00,2025-05-02 01:00:00,98,0,0,1,0,27704311
2,0,186,64,364,202,2025-05-07 18:00:00,2025-05-07 22:00:00,98,3,2,0,0,27391760
2,0,235,27,925,126,2025-05-05 01:00:00,2025-05-05 04:00:00,0,1,3,0,1,27932752
1,2,12544,31,903,165,2025-05-19 19:00:00,2025-05-19 23:00:00,0,3,2,1,1,27789994
0,2,63604,2,479,207,2025-05-11 05:00:00,2025-05-11 07:00:00,18,3,0,1,0,27697626
1,1,63604,28,4,63,2025-05-12 23:00:00,2025-05-13 00:00:00,98,0,2,0,1,27711349
1,0,2,53,382,209,2025-05-18 23:00:00,2025-05-19 00:00:00,98,3,0,1,0,27938117
2,1,12308,41,600,103,2025-05-08 09:00:00,2025-05-08 11:00:00,14,4,3,0,0,27919348
1,1,12956,29,929,63,2025-05-13 17:00:00,2025-05-13 18:00:00,0,1,0,0,1,27749856
2,2,12580,58,995,102,2025-05-15 20:00:00,2025-05-16 01:00:00,18,1,3,1,0,27638166
1,1,119,40,562,209,2025-05-17 13:00:00,2025-05-17 15:00:00,0,4,3,1,0,27926955
1,2,13552,66,945,65,2025-05-16 08:00:00,2025-05-16 11:00:00,0,0,3,1,0,27765183
2,0,13552,23,611,162,2025-05-03 20:00:00,2025-05-03 22:00:00,31,1,0,1,0,27577744
0,2,12307,40,29,229,2025-05-14 10:00:00,2025-05-14 13:00:00,0,4,2,1,1,27767725
1,1,4,20,882,232,2025-05-15 04:00:00,2025-05-15 09:00:00,98,4,3,0,0,27913282
0,0,12545,42,101,216,2025-05-10 02:00:00,2025-05-10 07:00:00,18,3,3,1,0,27697626
0,1,13552,48,882,61,2025-05-02 23:00:00,2025-05-03 04:00:00,14,3,0,0,1,27725109
0,0,199,22,916,188,2025-05-15 05:00:00,2025-05-15 06:00:00,0,3,2,1,1,27843284
1,1,12580,64,159,221,2025-05-20 00:00:00,2025-05-20 02:00:00,31,3,0,1,1,27874176
1,2,199,27,704,221,2025-05-03 23:00:00,2025-05-04 02:00:00,14,1,3,1,1,27881012
1,2,12544,24,623,188,2025-05-17 16:00:00,2025-05-17 21:00:00,98,3,3,1,1,27871915
2,0,12544,29,306,59,2025-05-04 22:00:00,2025-05-05 02:00:00,14,3,1,1,0,27745778
1,1,119,20,479,230,2025-05-02 05:00:00,2025-05-02 07:00:00,0,3,1,0,0,27791943
1,0,2,66,583,101,2025-05-14 03:00:00,2025-05-14 08:00:00,98,3,3,1,1,27879844
0,3,236,30,877,230,2025-05-10 21:00:00,2025-05-11 01:00:00,0,4,2,1,0,27651224
0,0,12350,55,1049,181,2025-05-04 08:00:00,2025-05-04 11:00:00,98,0,0,0,0,27853245
0,1,1,47,890,208,2025-05-14 15:00:00,2025-05-14 18:00:00,18,1,0,1,1,27810099
2,3,13056,36,995,216,2025-05-14 13:00:00,2025-05-14 14:00:00,0,3,3,1,0,27653484
2,2,1,61,628,145,2025-05-05 20:00:00,2025-05-05 21:00:00,98,4,0,0,0,27801069
2,0,12307,19,322,62,2025-05-06 07:00:00,2025-05-06 09:00:00,31,3,1,1,0,27912866
1,2,2,40,762,202,2025-05-17 00:00:00,2025-05-17 01:00:00,14,3,2,0,0,27771630
2,0,12545,48,631,59,2025-05-12 19:00:00,2025-05-12 20:00:00,98,3,3,1,1,27791943
0,1,2,35,1058,205,2025-05-19 23:00:00,2025-05-20 03:00:00,14,1,1,0,1,27741912
2,2,299,31,180,206,2025-05-17 21:00:00,2025-05-18 02:00:00,14,4,1,0,0,27626988
1,2,13552,28,34,51,2025-05-16 08:00:00,2025-05-16 09:00:00,18,3,2,0,1,27856294
2,3,12306,57,337,161,2025-05-19 06:00:00,2025-05-19 11:00:00,0,3,0,1,0,27417202
1,1,13203,28,783,186,2025-05-06 06:00:00,2025-05-06 11:00:00,0,3,1,1,0,27774898
1,2,13142,27,711,60,2025-05-08 01:00:00,2025-05-08 02:00:00,14,4,3,0,0,27906207
0,0,327,11,882,197,2025-05-14 07:00:00,2025-05-14 08:00:00,31,0,0,0,1,27698448
2,1,12308,50,981,225,2025-05-12 08:00:00,2025-05-12 13:00:00,0,4,1,0,1,27421833
0,2,12580,29,164,51,2025-05-20 00:00:00,2025-05-20 02:00:00,14,3,3,0,1,27898284
